85610
1206
16904
68356
23248
87025
43101
15911
48620
23933
90305
5970
52956
2618
96965
43324
56989
16086
27397
61265
37296
65542
70109
25118
36090
47395
46460
84411
2630
50462
36496
96533
25509
74209
99169
60727
7862
52292
98650
64148
99648
92233
93697
90356
24380
92629
39176
22393
90863
40587
21340
52364
93813
93766
55611
55721
8794
38322
51330
67492
64673
77256
50852
34550
85544
54404
84791
15400
97634
93349
78761
29626
18244
41217
14032
26609
45468
98658
57118
17979
46490
37473
37779
92320
52466
12253
37261
27687
73402
43960
77306
68514
63183
21551
30542
51415
80276
47572
33488
33099
1626
16521
86638
10381
70331
91098
7986
51261
93535
20280
37836
32791
69026
60142
47822
98752
69805
5730
8983
7403
22049
32681
62823
80105
40658
56647
84369
14667
96816
93699
68238
19509
79712
33059
12846
61824
93545
67496
81994
49356
90795
68808
4085
19969
43434
67748
4561
56224
13673
4838
40157
55723
73360
84057
55244
50701
28816
36645
8401
27111
36253
90661
46166
49304
28346
31207
80108
5001
58899
79743
9181
18994
1411
54280
31389
67468
36342
65977
78431
76404
76489
6879
77252
2137
28686
54652
40814
8386
49067
35196
28530
42175
20322
96656
22764
16074
42347
70058
91949
7481
71485
86035
54959
26084
14251
71500
35209
87085
8619
13823
54941
43953
82643
40193
91279
24137
70973
54406
3249
76669
18665
43553
20537
79974
14528
67671
87764
86046
37942
93631
25107
76839
21226
21848
42436
80436
62600
99943
71932
5912
98989
69035
89423
42793
64522
1438
68866
81136
33665
4363
47768
752
81068
11239
78409
56977
71230
22766
74225
21352
80769
83098
94980
41221
19838
49794
64863
67480
98748
35437
81050
89472
27423
85105
78873
82578
79825
52877
67394
88162
28607
4991
37417
67633
29402
31554
12998
20
18110
80872
75752
58044
97135
43696
95651
77095
22431
23685
52357
86851
18124
82866
6567
58490
71462
30565
37983
74719
30222
74303
97394
89395
9370
24213
72806
16563
99414
53351
33525
19202
50244
23515
53277
68111
51876
17205
82133
24099
37198
57684
32826
12009
91132
19020
25000
31674
95013
72411
24964
57668
90468
46058
50774
42550
81015
39427
75348
12522
92003
19402
55641
87152
4053
78105
48084
29075
45955
8987
43549
30699
83281
73189
69186
36606
93584
14572
36256
13075
15489
85607
58989
2581
71575
31970
25490
33920
57850
35707
8246
77355
97959
32925
63414
75282
82005
29047
37233
92062
31602
40601
65695
1427
4012
38218
54305
33079
44844
89736
12051
25594
8957
26717
16350
6598
8907
78906
75915
71556
85862
27187
84626
31080
83077
48822
94096
45467
59207
47529
91447
59331
76116
20736
88319
60465
97506
15352
31290
74086
77269
51059
7206
17987
17150
31728
52827
95436
2564
99910
79780
43703
80447
45309
82602
41815
62912
27657
11404
49664
42639
51011
28235
58390
46989
70662
82594
439
17112
85827
24338
35361
82541
74466
93883
36257
96263
28950
55719
82777
933
23003
28929
53485
94218
72270
80195
22347
70622
97993
87117
34004
77682
97753
2065
76523
94753
86238
8842
29337
54610
33119
93037
79643
69177
20392
93304
70441
65725
92449
22088
4387
67348
23564
36647
69786
67403
4858
78945
47896
8770
95946
67415
52717
58228
9151
2349
75543
24436
89021
57982
69933
97043
68096
99119
52840
15166
13401
12161
45646
64163
77863
15712
41725
40852
56973
36088
70737
91973
49013
98312
87826
85424
65921
366
68285
31256
12649
6722
48716
11914
28406
58751
6373
80767
64602
25596
95868
17310
19306
29336
8614
23582
82394
17556
73115
96425
40243
95290
54342
91069
42899
42427
11373
46796
87617
46263
28728
41475
94219
94965
78048
96295
25694
19603
19765
17243
36609
63063
52363
80990
3119
1795
5698
85330
1647
20359
45233
82967
99313
72337
23471
12150
94344
53983
38141
59578
45982
18293
80179
70424
89656
14442
79014
80719
32712
83549
50802
87114
42153
64741
24778
43107
84506
69830
90969
97794
28890
18623
55796
95331
3708
21695
88926
53685
99623
7768
78967
44542
45677
69581
91170
13756
18150
59013
65778
92838
66952
35905
18672
18609
77893
48554
75403
2735
8674
34307
27613
74130
53039
59070
40214
71279
77543
40714
46888
69085
54598
38506
7086
70524
1186
96097
28569
69330
69127
79338
20216
90192
79507
75940
52547
3412
18699
53481
44964
34024
80152
80448
64739
66311
62594
51913
36749
91680
99783
14454
58080
73363
34615
46713
17782
21688
89679
18647
94283
99967
2449
43132
79532
37841
13980
55881
42878
45910
64205
26600
14248
21264
13906
93728
11263
13669
97351
93539
4684
54682
975
55397
83067
27034
50416
35080
18339
72342
61291
97074
31853
70534
98102
94112
62275
16430
81848
85716
