66685
96238
63787
79207
400
19359
98028
18048
35609
20519
73834
91088
69813
13474
22328
75428
25747
68366
256
52240
45320
15163
20997
38120
18144
16527
57864
84249
36047
68851
82022
2306
95045
99741
7677
49234
76031
95002
8623
54975
77850
7704
99968
84064
79459
17869
86490
13576
56298
76584
53328
65663
95349
90066
96063
49599
36305
73600
98096
78216
34691
63384
16857
98560
29276
18558
9636
83691
78603
92794
98664
91298
42348
52871
63827
19891
30622
41018
77737
59446
1875
16685
25862
12903
3744
4615
54463
43748
15092
4362
7719
4740
8870
80185
8013
32946
25862
60484
57283
78501
3734
50066
41561
20350
46578
41897
42248
40734
6090
29628
1035
59841
20784
81106
57095
12890
90733
81807
55275
52971
57134
90849
63154
54818
24699
43625
83493
4107
72392
35844
27294
33462
54309
43093
91432
91430
34064
68529
66050
54963
90058
41863
85762
27005
52071
80618
51670
55309
10559
55932
46181
61641
46401
78297
31732
31444
13384
35676
16805
21280
12485
63026
83578
96177
58747
41401
38744
85007
70442
32309
17254
41415
94595
22639
87444
40095
29627
26282
59128
33396
15131
29380
42003
1746
243
10757
40594
51503
62671
67687
62065
49444
21025
82113
40827
26409
11710
44338
83660
38796
88805
70919
23351
91598
80474
65513
95459
43994
17521
50150
93456
37251
92773
78842
28312
23160
25256
19225
2864
3687
84277
60604
47757
37195
98561
31014
88100
44691
15536
17842
83370
74097
58852
15963
18138
76956
26768
90407
48309
50819
35403
99633
94275
429
44032
1810
57111
