53079
29869
1653
33634
13019
32236
76523
53856
14977
9036
97388
61270
57843
25421
5933
70565
7398
94409
25638
4161
98611
52594
97510
37693
19839
53190
60898
11957
18716
56785
27078
26969
3144
4992
3692
7889
72243
15453
28169
24242
55199
46284
8644
68187
60800
54497
44547
64972
60514
29883
14334
20100
71178
87361
36308
96244
91989
93304
55164
88742
71772
87006
68660
78180
79897
38278
89589
87206
5859
73104
30600
87644
789
51460
817
49907
21902
8203
25802
40488
58801
13834
66507
62279
17260
67356
65476
23390
73653
37163
2669
39459
94929
31275
37813
5118
32526
53459
23734
73876
32464
70329
8682
87250
86313
37768
68279
77714
4801
50209
25541
60461
69462
18955
58545
24477
5788
79640
81082
12910
52645
41526
50680
33568
75100
39950
8652
19067
68716
55516
46963
88848
59613
19532
76276
26856
19966
71981
4409
88780
58462
70485
79290
43664
51028
97201
53396
44796
26367
77831
13337
32984
47912
51274
2561
7411
8996
18361
58495
77424
43189
8276
90606
5070
58991
20892
57578
3571
92120
18503
87643
87284
10473
67196
16427
5955
12625
94705
21881
790
98425
66046
80582
30416
97410
18493
30701
59470
6314
28193
1456
27344
21262
98512
95245
14401
34313
36191
27439
24357
27035
47208
91329
40031
15589
57418
95965
83196
33616
38558
28931
5311
82381
72593
31269
5962
9111
41762
86047
72677
10293
48346
9028
1551
90043
40931
28819
47902
20016
86823
55880
70260
68619
28646
59215
39200
63606
83667
34804
44526
52757
41068
790
99596
39680
33236
11994
91898
619
43598
9595
58414
20807
10072
14174
40833
95585
71554
42148
15225
92808
48649
2393
62707
43948
7477
22986
86636
40578
69387
84756
66765
70564
74000
87958
28817
74709
74907
21640
51637
20162
84468
56837
64027
34820
26191
82276
50458
11330
14688
21925
46437
12116
89274
16326
73718
24354
30568
69077
67287
47466
37542
36640
17421
35649
7453
29224
96642
80305
32889
95348
96045
3360
82249
9698
160
74929
45523
32888
83278
96036
5585
84889
52951
87864
20396
3411
76561
17105
36979
96597
76885
59572
21560
75037
98819
46160
6151
91311
89682
12311
48324
70818
41944
80553
99072
48597
49842
657
34103
62943
25938
54057
3050
292
23586
99161
5172
63779
87481
71005
68011
8172
85945
23268
97876
58223
66241
49652
39427
27856
93526
85963
64590
19030
50825
70849
2797
64834
79141
24201
47025
637
73400
64982
23134
86251
23388
85595
84422
48955
96928
27050
91971
91904
10839
44445
5168
81466
76381
76307
63076
32237
64194
66739
7789
59188
44340
88364
95877
63918
62285
76221
10708
82774
94006
1168
81025
52624
96758
40385
90550
37503
61052
3132
12527
3540
2949
48868
19774
97
89674
70576
447
89612
23881
83025
29619
50655
83662
57198
35195
43804
12125
76080
64979
8077
33791
63674
54024
1433
51335
61679
27480
29651
80800
20023
59076
5165
44885
15997
70644
35946
39420
5232
11751
91984
95776
67849
85301
23836
91017
36716
50116
82320
88586
68487
79107
48551
56615
55159
85415
22858
17249
69226
9375
97051
26816
30592
13526
87758
66683
35658
55748
43543
20199
95733
11665
36126
46810
38784
24840
35215
20635
88264
20691
79374
61512
80933
78585
38696
60034
56717
74832
46885
87129
82966
28897
31386
64528
57593
98967
52155
67181
3602
50851
59693
92127
25924
9744
82649
16652
5017
50142
94044
86326
52199
39613
10235
87978
82126
15047
20884
94277
23422
62362
45264
95010
79574
67888
50005
96100
65511
72061
88344
88061
74487
19749
10927
89945
14305
64536
97925
76650
81785
54667
66022
38480
17293
95956
17242
25765
26632
24930
52239
55074
67472
48182
68974
77874
29167
4898
49456
67985
75566
62844
62218
94976
71997
16862
89859
11464
18672
27806
26342
87591
97380
79877
95794
66876
447
60911
96239
43052
500
85982
84028
63247
76390
20410
85060
77978
62788
16073
99695
26153
31123
65415
88084
94985
34377
73058
56715
98271
50517
69749
43520
52825
91165
99487
24677
67375
543
99071
19551
68052
20409
62511
4448
3679
53411
54970
36405
56753
48986
21946
20789
89762
8152
94290
72154
75533
90047
75717
40588
42964
78741
76082
39864
43153
53224
24301
10848
18075
80850
76058
71917
98385
1080
61064
1087
30918
25645
70824
97093
53257
3060
58409
47463
5199
39618
26226
74496
63392
97570
13787
67754
86747
41234
44360
1426
60486
40554
18498
26538
35702
9213
46420
55677
50391
25272
44031
88669
52408
88871
26427
85304
3255
39991
31946
61673
69508
3158
3930
94795
57973
33942
18968
55112
166
31313
17579
39344
58794
49351
34612
24965
76050
8546
1376
59859
88313
80154
6503
40125
96586
56597
4228
90034
68270
23558
46225
47615
46774
8214
45375
91038
97185
81824
37295
65292
97610
4598
51600
49304
23954
63842
43605
18870
31013
65127
31442
63924
71403
67333
21747
97412
89422
29403
16281
86168
76195
46566
78354
43692
8599
24456
80404
89309
68727
12260
78613
43224
4124
66406
36202
66733
54289
97696
18235
10561
35074
14
48895
89059
68323
26427
21017
38486
1370
64764
21806
63373
55530
54427
95681
37046
49309
64366
41997
77453
82861
84581
83871
12497
6927
75811
48078
41331
38364
40900
9624
84490
19325
78141
25114
67780
89459
97696
25611
5783
17217
19998
25589
47126
81174
81607
38610
55039
74298
56174
4959
20657
59797
43688
33823
73306
57367
46579
26639
1679
33479
84754
11713
16757
58603
47830
71415
44731
50064
2009
58558
88971
43639
62980
6597
95190
46556
88049
58424
97420
14052
69066
57245
30093
62211
30736
75562
7353
59464
50296
14465
8355
53989
19632
2570
49029
98846
54463
16523
12141
4141
23370
30566
7573
41552
70450
14831
22705
96368
33595
6665
67329
44014
30632
6140
20773
7788
9442
25044
35280
6998
49080
69625
80790
31403
94495
73575
61151
61228
80794
13066
41885
74559
43382
52759
76794
94272
77740
43689
19083
38469
7114
28567
8385
48365
29291
33423
67742
77828
7681
87441
15652
41781
12245
9930
27081
15117
29062
33580
75463
26504
45069
38822
21392
37562
94625
74629
40510
476
1622
72455
58920
14512
60929
75351
40625
69523
8950
