60188
34167
69045
39313
88121
81624
67464
19662
55727
90030
29027
34847
48498
7029
10262
17994
38794
35782
35649
25173
36813
96007
28118
58153
48570
65850
19789
98386
62031
65781
35684
91395
38056
55217
39281
59318
73877
12540
67589
79537
9654
40202
71263
32964
36981
33320
54506
49391
23201
145
54260
82401
85698
62425
25068
68346
88766
90823
99222
63474
20007
29311
4399
90579
15390
60765
48280
89601
49256
95070
48001
69275
63979
61848
78419
84793
78630
1898
91481
89300
81195
12078
10252
6725
62521
73707
93178
25509
17242
86504
39763
96052
27669
21146
53519
26550
96785
82142
81055
48791
39688
51586
54702
92847
53955
16541
85012
25537
19319
55199
1528
42749
88572
72675
23262
27813
68518
59874
81588
70285
76386
41889
32309
57788
97231
68714
85465
99855
35510
98104
65753
27868
76615
49579
89730
28531
28113
24060
5750
72449
49374
82955
78617
40142
11209
82548
1086
79879
36925
49760
89167
93814
39147
45335
71315
88525
3751
97170
13471
42049
60192
98767
15260
23091
62746
6015
54960
66218
71018
47897
81740
81756
7085
87057
56433
34924
75429
46755
82144
49485
98961
87017
69853
73636
78568
94189
32319
4939
59794
21752
79671
47602
15203
85224
80506
5216
50645
83136
96268
6296
31457
31769
84875
60983
1785
55094
10197
25305
37445
68086
58679
3515
99480
8483
25620
65339
68398
30119
25742
11035
82436
25374
52531
86309
56564
93830
6375
3304
21772
54035
89866
34241
36266
85567
80070
45781
18422
42878
94296
7290
50300
90640
75352
78742
18564
65104
94278
13791
50928
5481
15923
76769
61746
94121
31017
17918
12487
25357
30136
24815
95219
79803
92511
85705
44186
36783
62035
83099
43576
65645
57550
70004
29887
97173
41271
35201
10091
9013
8553
91188
5091
77272
51011
28512
54317
54332
79053
18081
66734
96930
51649
55704
38782
40094
1181
42036
32516
31374
20964
78860
3795
81895
39563
55017
98336
52970
64583
22113
46239
33846
31760
50910
47193
64823
41746
89405
94636
67581
48465
92049
