64872
47925
82857
42852
51258
80934
32105
24407
96528
55607
38110
70529
36913
61715
72349
18810
74926
4717
59332
916
88201
1385
91187
1164
15521
80666
8427
36316
99803
97830
81217
36942
52687
76229
93662
24491
15660
32680
93558
29554
14184
15703
93795
33796
42695
79859
71550
69179
92391
12954
27066
7643
47911
59688
35261
94017
75442
54010
58491
17528
6124
10927
18384
58538
94039
80871
48698
75699
67106
11597
14385
81170
14575
46961
45668
34393
30656
46094
15730
35203
5245
31306
85857
76357
93444
50460
47582
3933
9037
77607
43474
6343
45273
36037
1629
25103
38103
16287
82705
96576
40274
23384
8910
58619
54875
95818
78933
37987
23534
70120
82219
66645
63555
33794
76493
24534
55636
34887
69163
24932
21958
14661
4514
54670
44790
76235
2681
64672
71137
87120
71959
5302
76111
52365
97311
24337
73181
26085
74794
89768
88775
13253
40448
65238
27086
49957
50258
26193
41995
92078
23894
19387
65456
91895
74688
72465
60919
22568
81466
71169
35370
12319
2080
53080
48398
44208
89946
66009
53932
91654
52951
92906
32989
74281
