59097
33329
42193
25221
614
73325
99456
90739
48226
23431
30743
93560
92143
72515
55547
28087
5697
16116
17170
9548
71556
93532
2262
15641
29501
15647
51206
97135
52041
73858
38071
2549
16545
44966
62727
57752
8127
65915
65522
7471
41914
56994
11549
61578
78669
43011
73712
74455
67671
51879
58369
63600
76443
52947
2539
53124
4743
66594
80990
64480
57009
72062
15343
21242
49534
19643
14192
49562
34844
16528
72827
53190
37807
27251
18888
77384
45481
31439
67197
80478
17938
43876
97765
35997
61800
53884
73337
91907
40543
54341
54235
90360
30313
69648
79586
90240
33425
48581
26448
47264
80482
53153
69407
76234
3492
69357
83321
934
47782
15580
53735
75871
96631
24417
865
18376
31342
68650
18597
74601
6474
15773
29443
32170
93812
97133
95060
76474
78785
19129
86538
91452
85363
62817
66883
69391
99710
16422
56183
71577
87432
41949
80113
53423
87850
98736
24731
74691
74771
22097
83281
50251
58316
41212
70904
70186
27382
5160
31815
46909
18223
12361
90531
78596
77620
37445
61097
85867
31905
89680
31653
24595
99251
15399
99327
82850
71982
37478
86453
78596
87418
62054
88675
72061
78152
29879
7039
15596
87219
1909
24289
90845
41410
33130
47743
22251
68041
80736
15639
77807
99855
96513
74918
71786
51243
28909
80662
20716
62504
68759
40468
10366
10343
45341
83230
70354
5475
73154
33019
6308
96399
16073
33733
14861
54652
94256
33890
59205
87223
83303
17361
84754
40047
92587
34719
35057
10004
53380
8985
14848
20027
31767
57467
98597
30814
79304
89159
64607
58976
5584
97618
4679
63982
92631
39960
15746
52161
13039
29328
5894
35776
75181
96665
59110
35299
35491
90900
56636
34514
49374
18860
41298
70955
62650
26608
35918
37827
78941
15521
99767
292
71127
52582
66664
60020
28660
51389
42416
46486
82043
73516
92450
95082
44710
5333
59776
47951
18846
90120
15136
16873
6162
36115
1208
65022
56404
28501
6763
19770
94000
97872
70703
59506
38890
4476
80186
39237
78419
79000
19466
10622
99367
55515
96078
34743
38567
37097
66452
5848
99790
16577
85519
89789
2705
17747
15620
6613
13880
64207
5522
2663
69908
42776
72827
78703
64924
27160
56691
16837
47528
63181
94309
97534
42377
51521
19356
27757
58979
93175
9269
42690
21416
14401
3038
42642
48786
52111
65739
77815
13852
18529
17685
28654
80573
76862
88015
55646
72707
60381
44743
94872
54536
97185
60404
2170
31731
67617
53410
82510
58446
74213
41112
42128
79520
65197
54722
38892
26054
55563
96544
78629
19250
50385
40426
91443
74880
2629
33182
21860
63313
52657
43976
73442
50758
68886
4076
885
57115
44033
47635
31552
82589
78806
19600
21766
84297
64425
74830
60303
80291
13035
65848
64582
26704
15585
66180
30202
80592
11633
42269
708
93339
90262
26635
61512
72919
15506
80257
86196
11507
82851
19011
51653
10500
52334
51890
84425
50009
22104
69750
19808
95356
596
56711
50556
99304
33046
56599
96775
3714
15110
43583
70947
47925
37809
90277
92684
70414
409
42631
26106
81488
20876
66087
42531
10517
4018
98194
43901
28643
11424
61326
62817
34694
64521
35296
91883
42671
99764
44920
30430
3497
53993
7034
24740
50707
46693
19945
20467
67263
31790
2705
87947
69991
75008
22545
55100
7974
8869
3524
1637
71546
39779
43275
59191
31828
2479
23032
51800
80601
51103
95993
89539
79257
91773
82943
63852
34281
58776
32459
34849
62207
21685
94228
50317
20362
98178
99095
7318
70251
61515
8283
97894
71540
4197
56031
16358
46523
82984
79619
97094
92250
67962
45680
25402
81895
1222
12645
41247
31243
47116
44639
11195
65377
88754
17475
14113
7470
76984
30347
4276
36503
80328
99660
62883
43683
34604
9280
62963
91950
17914
34932
25402
47014
29259
12368
60167
4518
3145
14302
24512
91149
15462
7289
96803
42298
81257
52404
70862
46470
72580
46499
9401
15646
83553
43754
27937
24892
19579
39265
6496
3617
22344
78944
57176
68241
80468
73389
10671
97771
64393
56863
37395
36291
34794
46765
9662
5149
63935
88152
949
52264
68683
62578
87211
94421
44665
25802
49219
28563
72789
28246
61458
50377
60151
55259
28483
12879
60057
28027
30836
15209
80618
74651
6813
43392
42396
57840
11345
33375
21303
3174
94557
34855
13776
96269
99053
46415
56212
71136
95246
46972
98271
95219
558
70841
13417
25240
91871
59827
78464
78254
98107
30548
38417
88327
4322
96826
74207
16725
75742
56019
28630
78064
71688
57974
54073
83174
17571
36705
87351
88703
97893
30699
43548
28652
92790
15398
17476
86700
40082
50707
54955
10523
73160
21441
23840
33783
76709
16803
59704
98223
79115
28813
21086
28203
92186
4683
93384
89842
96049
60158
68101
97212
77901
30292
71730
77909
82800
1059
87052
65067
37821
72033
21503
27988
16224
90531
63133
77278
71051
10032
2891
96692
6106
9474
12341
65322
44728
37048
92802
24230
38235
73466
34594
41131
23178
13067
19555
1155
89822
68132
26275
73576
21670
71571
2784
87567
62213
69391
28076
25937
97943
