56723
1967
40780
43472
80575
43887
93274
84139
9719
15296
15872
78384
32178
93109
61
20980
55380
95171
28701
96636
75672
31041
45075
89480
23033
10505
27893
77932
7037
60316
60468
99007
61119
73762
71415
34540
26455
55247
44499
54534
44936
87009
88105
46713
49030
26789
77436
43899
95010
49913
6925
30146
88212
76204
39029
77615
64868
91106
39934
3911
21044
28948
97982
83747
68878
29876
67217
17277
96165
78830
94643
18699
61450
81993
11223
22184
61582
53069
2118
23469
61487
92095
13655
60063
20577
40
11239
56130
83290
3060
19478
90348
39833
52309
39902
41652
97268
61384
83120
4648
90013
19247
11789
66398
90609
1085
34173
6083
30749
6545
80016
30575
98221
86106
96911
21049
89554
39449
94910
34342
85518
41411
39856
91037
99199
65349
26151
58742
30439
18242
10022
22737
12884
25240
84437
13572
62352
81441
91441
69612
28071
94133
55437
94787
17488
61453
14761
75282
11227
44450
11277
22750
31349
55892
32802
21727
50139
3719
29869
75502
89560
23175
99913
14652
124
76268
21184
86527
90812
47160
26341
65639
74848
83678
60433
55311
96910
19837
19353
2544
48464
52361
10728
17775
73667
3339
41054
24822
33695
52094
65765
23391
12798
89146
67851
54125
29323
57711
65281
8085
50793
15303
3055
83706
6077
2158
95921
51223
69241
84013
5074
5492
27781
64881
95940
10299
44396
10059
99801
2981
62208
40304
72226
2382
85035
16833
49121
28871
88724
48261
69036
80330
28458
48177
49217
75655
2896
28714
73824
89053
56741
44738
64554
41157
1999
83134
16020
10792
36515
18680
66760
92369
96595
7072
41720
96061
83092
62973
47711
19183
58571
65106
48502
54848
15732
15739
34416
32084
35375
48214
62067
88039
66151
18687
61620
47494
33216
80212
37005
14586
13277
30487
95549
53854
48267
76978
72124
93170
85165
37780
39961
28041
72996
86713
18131
95805
78907
35081
50320
58339
55565
87063
72349
84472
10003
88105
41027
28858
3342
27895
36194
34675
70093
64940
10541
74928
40604
55978
68225
97649
28457
40522
6019
88217
23764
49760
1941
66980
1778
36381
22933
66744
51838
3887
48883
79124
8669
49539
40684
40326
77644
64651
72840
41977
99720
47386
57708
2155
66138
54603
64156
79708
32925
38626
47281
59266
28205
25546
91955
77050
74062
40542
42835
23097
69846
82595
3688
62016
47672
29842
91588
43502
99630
64980
64433
38511
13890
32198
20462
53522
64921
84443
61408
78937
71325
5089
80695
79497
75493
50427
68670
65185
99619
95982
49566
21960
60169
47608
16368
80255
68569
74778
2013
79413
18824
19222
57588
87097
942
84915
80678
10378
35085
78525
20482
68555
5372
81162
4584
9714
98735
72215
17868
14079
70084
78065
10090
50826
27180
43088
64096
15925
98740
25022
64012
80193
82575
29173
37218
10460
56258
36294
81194
54679
99179
83093
4597
86166
53743
46402
90394
33825
47423
99651
40273
15864
58310
94860
22474
1315
55537
7313
52555
88807
45564
62882
74981
97844
99125
65109
30322
94011
83279
60770
9581
55005
15270
46247
75149
25663
24297
64940
62303
14746
47337
84193
61311
34638
22492
26595
80948
55
19662
25501
55077
56567
31398
30059
1660
53555
91760
56858
64405
25338
30860
73996
72706
63296
45714
6903
70047
13865
27199
88173
88301
76352
48225
21238
31853
38247
3068
67673
62394
53897
87190
24954
23811
3307
60229
32477
8260
38690
27987
75208
38753
22910
4971
58567
90686
60355
56227
29673
72158
30072
88741
70152
71702
38840
57052
18246
12684
77606
77463
69682
78001
33054
39997
85130
9081
9223
6894
99803
6899
19972
56146
69380
13865
14058
31200
25176
47030
61131
87085
43841
24158
44944
44175
51970
6959
98374
8076
47701
82674
66096
5732
39796
77166
17626
89208
6387
63353
75917
54325
50281
10524
29054
15169
58352
33858
89602
7969
67362
76412
70652
3684
42723
33492
84054
96656
77086
19564
92846
38631
66984
47027
24743
37813
20032
34787
63809
40473
26360
57178
49187
55246
6477
38962
72629
