39134
90537
4568
59208
69298
73238
48911
75750
61901
92364
3755
95274
25751
77015
57729
6885
88598
78080
34126
634
81574
65020
99612
73826
69174
37445
47028
44264
12191
32486
93888
87476
95553
49968
68347
20165
40603
88810
70200
2391
31431
44709
14540
85157
54736
48333
36505
8360
10512
21243
21623
46173
15659
63111
15585
49508
56834
35931
52058
90852
35732
75171
34202
69453
76568
53825
42393
33302
71215
92541
43350
44356
24041
1113
26244
50028
72055
44386
71154
1615
56137
19746
13813
51396
22851
94963
44181
71828
82144
23470
62257
40031
88227
23362
13647
22780
63414
77312
95492
75837
28098
75986
18524
60688
24457
68716
19367
67554
55203
47482
52481
48383
45395
7993
43547
18421
45637
32707
70987
2486
5382
21890
59405
46011
16192
4101
35284
53765
49169
10768
88274
31
42023
95469
23711
81504
27898
22145
40681
66445
94341
9562
43065
84795
45731
76228
15806
97010
33730
73499
35032
73261
7687
80314
50371
41917
8990
49138
97821
94573
55227
46294
5686
18753
67282
85811
14579
78936
90191
28093
82527
58608
33363
91717
57103
75112
51116
36263
98096
59456
52624
77535
40944
95069
57750
7259
32901
51626
71697
76460
99037
3672
82825
37910
82596
86885
10680
23495
40684
33403
57502
36740
96028
68015
86433
23199
59031
14474
99716
89509
40295
40324
92067
86164
52710
69740
63624
76969
19081
89348
15437
74807
94314
57289
92367
51284
93264
4049
556
22605
13245
75405
50201
71162
32883
69166
57378
79596
64900
9924
92158
15875
29270
88545
72909
67580
47343
60795
18770
37352
68962
3249
15815
80152
47061
2629
3330
70643
50286
15047
55906
61962
87386
24531
62837
21955
86490
22257
38346
93073
13483
57626
83053
46725
72944
2618
39429
77214
52030
68849
62150
75803
51044
6803
74355
36913
50613
47375
3732
46201
67411
33517
13775
32448
96889
81968
49062
21602
27045
34300
21997
34609
21888
31057
36647
7759
55627
90741
31772
60155
22953
82351
67161
86631
63875
70543
31684
87624
74716
63788
31130
29576
99121
59526
89446
11766
54348
9546
71712
5820
70566
18835
62144
61008
10902
18221
24894
98788
86299
68756
11176
985
91233
80124
81087
63664
95188
17898
30894
29089
85374
45439
46823
37156
76798
38613
62204
61261
38440
44034
57975
5589
76498
77818
82519
50259
16738
17009
56967
25193
1810
97501
32605
1179
50557
13017
87724
59866
66057
97767
36422
95103
1873
93005
79697
15923
5293
82080
42948
66539
91872
61502
17823
77105
42750
2229
83045
34365
86968
16065
63767
82626
48582
88787
86509
71205
46511
2765
75251
72137
25176
12137
82975
25798
65511
40121
16107
84375
56082
28714
18323
49202
75625
97058
49292
95123
31197
94856
43294
89714
46507
97314
35872
44339
66377
5497
2479
79132
22060
1722
92682
45952
95444
20438
49165
28954
41748
71816
73864
30646
20833
16822
76700
91561
4951
63697
59857
33280
25219
91671
23447
21142
16976
91288
80023
83520
36113
28437
76724
19586
82984
71684
42372
50468
88913
31632
10245
93343
35950
32062
56862
18418
77903
14058
41491
63281
66813
26544
23716
58749
64868
25510
15267
40014
35035
72358
94448
32844
11505
99050
74034
861
68502
89008
97588
60889
70275
73053
13658
28634
42535
78622
91903
46255
51950
10377
24685
93712
24752
74306
36919
81163
83252
21049
54102
85053
95167
39473
50142
13628
49341
63484
86269
72497
43755
87042
56144
93059
27070
46976
72065
90030
5843
72300
15360
67571
39316
97719
49341
33577
37892
49900
93952
81297
67719
97493
80901
69895
89553
36796
70871
49364
72650
43471
87336
3713
28282
22973
66250
10726
68311
82173
57165
29472
99943
48077
74742
98592
90036
32952
61496
58560
63596
25457
43921
94001
42386
2556
50787
40689
70501
41612
37358
67096
99786
6663
89991
49489
46360
16581
57623
37861
29824
36727
29235
49810
36503
57125
27251
50491
39266
87536
61968
62266
14525
3798
2783
21841
89928
72403
91653
25821
62798
26724
6550
48587
90067
49319
82767
5861
761
97055
44811
58117
