33723
71754
92138
76666
56408
98162
38056
67701
63344
70395
25594
8862
82697
29757
86154
48967
44565
82504
7200
46139
17059
38764
59328
12812
19842
97556
77665
50760
35597
71981
94054
99818
98520
77637
18619
71309
52246
13647
30253
40251
89572
31235
56101
7844
19285
16097
80867
99146
90266
26198
81940
50233
81294
53559
42736
3316
32155
58634
69970
39242
72205
97285
61269
10536
29105
64686
85351
40520
55306
68193
78028
44007
72208
99504
72498
30484
68836
8996
41229
34724
82677
21122
18990
22498
37096
42217
29828
23875
51816
73592
23439
95864
10922
66125
56285
5214
97659
27879
73764
24047
29128
8237
22651
95067
90538
14983
26997
29041
18124
95562
24698
59446
52826
33330
85315
80025
73640
33575
22194
90877
44060
7746
54572
61173
37817
64873
98292
56911
80169
822
60006
7847
20069
1654
68876
44572
38020
72525
86624
25407
22495
75990
6879
99079
85853
79560
36614
28450
22016
15733
3916
30566
82282
36684
78812
76006
74701
45662
10189
46144
61134
46909
49855
25203
73621
49505
46484
21933
24244
6628
25385
77603
84370
4909
9488
98330
48018
64874
18284
11810
16485
79542
69607
14626
88296
55098
71859
28910
12891
81040
21819
9397
47584
68194
4774
7127
70700
82257
34920
78100
79821
27282
48356
98303
8856
56434
94497
7346
17838
12666
8296
66235
81194
4910
77655
4436
31978
26032
82886
95697
51607
89346
42996
35538
72594
20936
95244
40215
54653
18795
33114
55571
93476
85369
20355
81690
47494
49098
7782
58100
86436
90526
23694
68371
91108
75138
79313
38913
64834
65202
6888
76467
87860
78296
91530
72090
8120
19922
72295
57432
56221
8018
47135
72911
70315
74879
61149
67861
48048
25304
50579
81284
78375
71865
54547
20334
74759
66774
22054
96429
31205
94660
78125
2744
25447
64951
36339
75634
39
65830
22923
38237
65824
82283
68298
88844
38648
95494
59683
31926
45257
96321
40700
47686
59949
17294
81642
47630
94982
69389
16205
33020
13384
714
69866
43973
35428
93763
82977
55710
79793
73927
9098
37866
50969
80857
52753
78958
77981
51988
24043
41472
57638
70728
14132
64541
82409
20707
65031
17273
406
44396
55705
31153
36126
77544
49810
4253
37598
96415
5065
66626
30956
80536
70555
29732
51805
97793
62599
10232
10032
99531
1385
91543
57947
13810
81809
12718
81840
75099
3743
17906
40459
1206
2142
86418
39675
24130
43706
29125
49802
4464
69087
54402
50635
65311
31279
26030
92863
50758
37408
42639
81988
23921
11568
91647
33339
63363
14181
59005
61140
6874
49989
60126
18424
26895
41167
8545
63123
96060
50869
22719
72700
16345
39671
20801
29314
2207
604
42284
3764
10765
10927
46807
9005
67721
72788
26493
68251
3486
11782
21806
14187
7875
59950
87872
89778
31325
2178
25763
45338
39579
20727
9553
11559
830
25413
9796
45669
73436
47190
60226
39760
47194
78313
16052
92608
93206
55370
72532
51567
80327
3590
15716
99399
39676
31757
46492
82221
49537
99433
38075
83396
51585
13973
19263
82560
40389
39772
60175
94280
83194
67600
32725
94887
4784
21123
92585
67503
22046
27557
4585
71914
61347
15034
94789
84414
33704
80055
59990
44636
41378
69145
4687
63302
19987
24739
19755
21531
27344
53458
80582
62912
65180
40350
87048
14956
95923
84719
6332
22416
62724
47705
89086
6433
65462
31094
13043
45827
16459
1535
12115
52340
30145
13542
82241
13619
39061
36435
38715
46379
47107
45529
56108
75391
55304
94677
37471
52212
88424
97090
76975
65685
16588
28347
85657
77543
7779
27150
14483
19915
10441
5977
74998
55721
40357
6309
13558
29503
7052
5915
98930
71013
32451
76807
81095
33115
45601
50312
63519
21714
77779
56432
28614
48532
2458
83134
53534
88722
95087
31414
22120
92072
43814
54618
39747
36110
58192
86760
67185
35998
47834
83183
43860
20124
24979
80238
19705
24039
64971
49963
61066
64795
87607
60141
2247
34977
8913
29303
13487
77332
70525
36866
94872
22767
88614
67797
25406
88696
56454
51875
43800
25508
31172
55650
9734
17478
34680
57219
60006
62999
44906
64691
30151
14243
87289
84333
78964
76590
36215
52889
98258
81057
61841
8293
10501
57493
22157
21695
93644
45371
91276
18828
49773
81701
84335
80776
85995
71284
61397
90875
81364
32224
44738
44819
50103
99261
56028
73956
19219
84848
13071
16889
94954
54094
73169
44501
3860
29837
84287
96107
56272
91914
67110
18070
55829
42998
2301
8662
93351
82141
96143
14344
46149
36820
76343
58208
73152
70399
96805
83429
61862
42908
84797
12042
55835
27759
84158
15493
31177
42891
74176
94957
72142
57818
86039
24213
53684
56265
31092
11263
95455
19123
33386
46975
90303
44104
41198
72173
90884
47898
27575
7750
90193
80388
12805
68800
68362
42872
76287
38472
71399
29315
8372
87034
87819
2334
67267
17468
34254
17268
53462
99672
97365
98315
65065
18227
52676
86961
48649
75599
86474
