14978
5714
45837
2027
21104
38369
41844
84372
81467
93040
67732
2595
48193
5724
40446
57213
78368
84706
36634
93183
49189
53565
20315
20628
21714
29644
70332
98567
74251
86802
39165
28882
27582
81623
99061
59124
82989
12588
57970
929
99001
62348
70900
92212
81036
84222
8738
80928
60994
26550
56840
44068
8693
40731
55214
33052
86084
46467
25846
74548
89760
80955
31409
98712
43891
39683
89758
51654
93901
17526
68576
10949
83532
35527
23963
18159
33575
58567
66155
94218
99415
10531
96673
65140
50083
28521
475
65276
40326
59883
11167
35854
28863
47421
54516
62470
33685
77369
26141
80518
26149
41858
72018
35939
47945
77669
90172
83897
23367
4475
99149
34750
5715
80139
23546
67860
5666
63756
43415
46840
97708
59528
6829
7736
43293
42813
4794
20994
28088
32125
32805
72887
94568
89141
18140
14462
28133
20650
56684
75796
92831
13663
61692
33601
65291
29203
77927
30343
24423
28872
86292
94036
81355
70686
45171
32278
24781
94302
1078
39438
6545
78163
53386
55581
52748
69746
46737
85819
11379
65818
25886
30566
20933
51446
97452
4888
11185
92128
43258
69905
27269
8800
45575
48947
92469
60914
94054
23789
93668
95493
87166
28239
52146
60063
83265
9404
33666
76254
55719
34366
83335
58937
34182
30419
60331
38917
18000
96900
90523
7252
35081
85719
75762
79512
15332
29914
95104
53350
87993
15296
90806
26709
44837
69065
90097
21349
57789
21113
41985
73436
71600
50762
98933
13803
87225
54589
34277
32336
42398
32108
17692
95157
67528
51771
67135
33013
89407
75501
64958
26911
91937
37971
7670
94355
55518
4319
31009
20809
88787
99991
90747
8177
98754
41284
51761
6229
586
20234
38856
25210
58216
12434
68680
46565
86186
61699
22659
9531
96779
85424
7557
23169
32592
42603
88953
14818
72542
22582
60854
23663
42134
90170
58917
83040
3695
5009
34672
47513
60654
3581
25096
14888
33252
7740
76627
23306
31171
93107
55152
29677
79358
34855
73160
7408
96989
52106
4179
17447
76634
58547
37636
33307
59835
51334
89555
718
94476
86099
17092
99356
40024
77499
19129
26429
59364
29708
72305
68871
99272
54573
46171
35696
33899
71221
71867
36368
60218
90678
75448
6533
92932
70647
16479
65201
6805
13152
43416
84702
37005
66926
95331
82722
33116
82150
3982
17341
65245
21638
23926
99327
50764
86743
49527
81735
78117
84383
3699
29222
2427
43987
41499
60609
71121
33193
50620
8501
15000
18219
62376
92853
48230
85352
94176
77199
62639
95716
90364
21358
14147
50000
21879
20184
51780
97044
59193
65911
66466
8361
90754
79828
20404
12355
96144
7103
63573
75371
67982
48075
84953
6027
857
88951
26251
54467
23247
16200
38980
52665
32726
7665
50410
46476
62791
58197
43107
12009
99765
15171
60916
96438
36926
37631
91930
11340
8301
17954
99300
47331
74600
57912
80875
99909
68957
87015
8240
79460
51940
5359
59632
98567
34321
95533
65542
31647
27578
99001
93597
67001
81311
89936
69648
78764
77114
48076
3905
16241
54756
45998
70386
20563
51872
54910
21539
2300
12777
8329
97992
75055
57364
53129
92358
23284
30241
35331
78507
27533
62596
59818
65543
60712
13258
94369
73450
26029
1162
76125
51483
86711
99945
16904
50707
62527
11466
73122
11892
27572
68080
25698
53993
10887
21681
57275
14747
65283
59450
10362
6636
97050
57
84331
46420
48954
80779
41019
70966
11998
18242
23895
97215
84353
68338
96468
92538
12877
13240
82024
19506
41298
71271
69462
65349
42994
37041
89095
73985
92440
33039
88723
12383
8809
83437
87104
59897
84979
11029
961
77064
16707
63254
16927
54014
23251
85840
58741
88157
1215
55295
8885
30130
88024
27362
89928
20946
89586
59911
80723
33839
57752
71349
28693
24342
77888
50389
22060
59561
33688
7549
12088
40052
93919
76378
97143
28142
93361
42746
51536
25678
17402
61620
56107
7815
92780
98772
79677
64578
43884
40295
79329
90902
27750
75679
19682
72487
97345
67811
33205
18264
16012
52503
20067
64846
79256
91939
51749
82242
18720
78530
60872
79074
54210
90922
20784
72518
83794
71251
