2780
17474
75301
85932
91565
47804
71829
76525
18536
4679
77477
56787
49606
9438
23354
40607
52795
8153
58432
48580
41364
45151
53811
63082
79088
47448
90986
82927
39864
99297
58913
13096
3228
47065
13922
8869
21900
97432
7439
84530
80848
99008
42287
40473
33924
52331
83475
43237
81907
76996
73955
94818
88526
56977
36137
78400
69065
32142
43258
17431
147
19285
74108
96996
36209
40121
33977
40209
44853
59059
81887
32850
82848
98771
12400
18092
42289
34360
20045
19152
90184
43674
92826
99461
90044
20900
23598
3716
40534
14176
10426
40380
20968
64523
46643
90518
60909
39559
58526
53620
91069
85295
94423
35090
30445
26661
44125
52814
41506
83783
92509
69411
13424
45601
38778
96273
49811
7068
3990
6009
40393
10003
31072
21764
6250
49510
1146
82339
75621
5127
77189
20145
51096
60338
24363
91093
96875
52986
81705
29508
18634
99870
61303
27459
15997
88987
34454
60170
41734
61371
98325
97668
48919
32747
91647
50418
5965
64266
82884
5135
27341
51485
31810
34222
64697
45023
70609
45504
86062
64150
55208
92755
84349
78465
20879
2356
48517
9421
44994
53364
9514
5607
93470
36936
92404
71980
47339
53610
87782
19900
8710
45661
74648
37804
62538
35534
26612
89563
50907
98263
39114
72828
83406
50749
49904
16786
51512
56569
76858
58651
67410
42035
22962
57987
5446
12841
89971
16921
11288
53424
2280
82686
68084
25714
94748
36250
83184
86773
1533
28104
8349
50365
47795
6002
64976
3271
59767
43063
57511
9206
28145
22921
87450
70635
77970
8275
2624
91021
92746
28407
63419
69064
72871
98230
71969
44849
96620
84681
16999
63592
53641
71788
95852
1558
96668
81850
25632
2838
99748
90804
91504
39216
93630
47386
2382
72128
16543
45980
63361
78613
40844
88874
93030
3126
32120
4136
80738
79519
56315
34589
45381
18697
19948
87403
47740
34247
28571
31801
20884
70732
55149
97899
77702
79434
97589
43027
11267
84918
28844
75873
73405
66408
96364
17462
40879
59326
48175
16406
85610
74783
27551
87036
67934
90845
98201
72647
33089
82036
22403
62386
43775
31759
99110
1314
61502
45193
4874
66936
65484
40305
22477
86566
75975
55463
26912
28542
64329
11492
99486
51526
65326
77974
43626
18152
8164
87976
93060
646
61582
832
25063
62251
22836
87521
47330
38364
52395
53777
94481
50509
94301
42165
90135
8304
79860
28281
14170
89960
47272
16588
21403
26043
63650
30343
39921
96422
63244
97006
96961
26475
69240
91887
99484
14374
23146
6536
90165
80061
60514
11141
59197
35605
86922
13383
11773
20033
32760
6336
65840
8342
67712
33722
50106
40890
93050
33367
4200
22234
83051
4243
43717
15771
76787
29286
57623
55336
39474
87462
92980
34570
46615
56778
51140
91318
14983
52745
38804
49471
21830
99328
16148
79533
12005
1650
23950
57670
75561
91274
96547
8264
27860
56924
31396
82520
75058
66409
25898
70613
57953
22817
73874
99078
96510
24899
51481
71410
31656
91296
12815
87854
92307
75390
31611
688
75692
54968
31211
77923
42532
77282
29814
49427
53435
84427
32401
67176
66698
70747
32074
38800
60780
17564
612
85557
90698
32949
40783
21550
74722
44688
99011
95792
87667
23005
72665
12901
296
688
98886
16245
55198
76070
72533
33665
58420
80741
58368
40303
36782
1217
69867
46463
15782
10074
95741
7515
51279
99011
40699
90733
15431
63102
21475
60299
9753
17538
7714
89134
41996
15263
9650
72609
84140
33592
41268
9588
95603
26478
44966
95599
28787
95582
88769
64484
7139
80673
79153
93469
67715
55730
39921
59797
25805
42572
62211
41027
4218
95825
52234
54576
43566
69287
61764
84073
44162
50428
84615
9425
72524
41323
7862
53998
63949
87799
61599
31523
54743
60660
69781
26814
63384
78661
42438
43304
75367
70367
80248
34970
78506
84429
25700
15823
41954
56301
57135
92052
2515
96952
58529
98011
5268
74142
53188
55247
2447
80751
89851
15330
89174
49047
88252
94178
26531
89121
14508
72043
50089
29884
43573
12150
45148
5147
19110
75310
22522
14677
46791
56259
9845
73901
38584
93432
59710
90829
22693
76918
47983
69035
41480
30212
13428
44238
38811
63950
65655
7945
90424
18082
27815
55941
13839
38938
48549
97694
76547
69043
32843
4548
40993
16924
6361
29377
94622
95466
44061
50746
29868
59144
23102
49839
91897
66956
7686
16124
57605
4101
78345
1986
7805
98544
79670
51488
94841
5066
2617
37882
56526
56864
4778
12412
74864
85442
81558
17464
65864
18390
74407
62667
30766
56776
60883
14685
60932
44319
35294
78663
89294
13835
28205
28687
36273
21947
29832
1871
66471
85451
26347
91220
74684
21562
3402
41602
71369
87065
60094
15157
67594
2655
56944
96610
16606
95386
96288
348
91355
89313
24498
84626
80971
27236
84278
40693
68359
15141
35635
19704
686
44063
88368
25520
57058
16740
53407
65019
27103
28262
24869
50109
80057
27147
61450
60709
59313
89283
