65057
40395
13328
38912
15224
53461
51613
98654
59677
19515
24452
18622
20672
7318
37602
13189
91364
50970
22765
55711
78075
3829
6606
27336
95692
33155
15052
95160
22679
67057
67651
96105
53391
66124
4308
21190
77830
70917
88726
36498
67206
32227
12682
27345
86843
93797
42668
4599
52975
43923
4805
21867
17645
67167
48477
71512
66599
24606
26158
89232
84403
44029
74676
54557
70608
79073
85537
41126
97766
11263
51565
81530
38124
6293
55946
78172
27011
6499
38709
18443
36735
43146
40649
3340
79301
45439
28429
28566
99792
83595
28558
87962
92270
27266
35463
60845
7560
71294
69628
45140
64734
79480
24839
82667
57936
22531
16233
66481
28602
39333
11458
65396
72119
80498
76796
68084
5382
18726
93282
47639
82314
22367
3150
57897
37931
94965
23231
43341
54330
94743
12745
16772
86097
27556
34566
32088
20793
69762
85035
33158
14405
2430
91670
16455
11292
7777
16547
29433
2772
74666
36606
68430
90362
93998
23506
65169
50542
68714
23904
18992
9482
73632
9836
48746
71939
28309
5009
5623
16265
74438
63700
16174
41513
26370
43510
4119
35153
69705
8802
92430
51859
94623
30887
1872
50659
73196
29280
29926
77275
20595
11791
63371
65533
37357
81640
38971
17848
34850
95849
15706
47940
9891
98055
21630
80616
27430
61092
93305
57467
53951
28477
76775
98599
27224
70592
49009
69961
71277
92091
71132
66037
55622
40814
14449
18135
79346
322
3242
41716
12764
59572
67797
41999
79853
29258
66760
6791
39198
59046
4065
5374
39863
72120
61977
22452
74729
28365
6821
7218
29029
83014
47079
61410
4407
98788
71416
2427
20130
21342
11882
20155
39705
26261
31262
3950
61463
29727
46177
85099
23452
75007
5923
65277
67621
8662
60054
23902
99463
24019
46847
32095
74567
97958
18972
2789
45881
28178
94514
2158
65523
8672
8497
60689
12301
45072
97350
63460
6199
86123
37374
82134
65655
93172
9298
88764
44477
63612
57619
69609
75781
51925
46163
44407
8137
84638
12110
17506
18240
8029
85459
36915
97943
95180
87251
22619
71402
51242
17060
69237
53120
87537
58386
10766
29568
69096
83267
63904
36819
60270
54693
38906
80343
59575
91159
61659
72029
60148
47313
83453
12769
35082
65104
52943
50276
72837
68610
24603
32775
4230
7850
55654
47205
28023
54033
13397
65677
90015
68521
11981
13787
41552
21951
31699
26034
82654
19197
210
10969
97418
39129
21274
88591
67933
84509
12198
80172
48912
49971
70102
3413
73416
27661
41179
37307
10559
63247
13009
11441
34525
14778
86086
96841
32486
71061
6649
68778
78444
29306
42782
84911
20517
96986
5117
52063
21336
33262
32154
70276
50225
54747
88464
54250
74804
15905
82199
81079
50894
49568
70021
59809
20615
33511
73136
42640
1555
94395
880
58001
21415
50881
48643
74196
65065
91240
1067
28164
3425
79318
58450
52800
77036
90925
44813
43898
4335
48921
93246
9387
33768
80025
39636
57936
34815
40551
19758
97286
62716
83238
29020
27294
42419
63175
17446
67932
51258
25944
27910
92754
21307
89738
90160
74484
70404
6205
3954
49720
91388
84426
55318
83244
67120
16236
67716
19443
51596
12108
59716
2109
23429
33608
45538
92226
64658
21856
95722
62971
87419
89084
92755
78590
98762
52125
32248
16724
29182
52607
71873
99000
81599
32999
56000
61166
39628
88495
21720
85117
97391
99851
63320
54474
42546
28695
55588
75795
68810
89183
51508
46117
33329
78730
16278
47867
91251
24132
57263
59860
58719
67783
29631
58382
54333
2213
19587
73509
59870
96533
43827
80802
39470
24823
24843
85538
68806
10790
3623
39140
83838
85721
95400
17742
16096
6645
83763
157
65849
69203
90425
49799
1896
43785
79441
72464
56888
4280
34400
58180
64235
13394
19003
91031
4972
14053
2756
76663
1766
78889
28752
21642
78035
11074
51497
69706
69324
92273
18479
83353
45792
83901
20313
76099
16352
83610
93817
11599
20534
32564
53758
86977
41046
12218
87251
11599
22893
32361
48900
27390
20758
24852
46913
6424
41164
40877
21947
51852
90233
37971
62604
70819
16172
64311
36723
54266
3209
76013
82589
68865
91387
3500
28735
69647
39781
14369
34335
1535
61654
40503
57778
60171
16154
80763
67104
9699
13997
54447
56100
9162
5610
7181
