99846
94581
27817
76859
7425
42474
1875
52954
66605
28949
76587
38616
57810
20683
58731
560
83263
43103
71215
20142
13506
38356
14897
22763
44434
57443
89900
33162
82761
69254
97442
38477
4080
64831
34937
73557
17106
36743
9248
29140
91922
52311
52687
66385
66553
93804
32492
55351
22535
63451
24138
87386
48011
83185
10604
13735
91501
11749
42152
85191
39017
36445
27718
6192
17942
64634
56071
9000
24196
87041
46627
16439
7973
24262
25066
39591
97314
32919
92684
27515
5710
97890
43829
21513
76823
88196
2192
94485
74840
38671
40844
87372
95436
58680
6460
17754
63550
5850
49495
55016
47324
3018
30368
93237
54441
38904
24513
22384
26449
63134
87024
4655
39287
77128
47188
74000
92011
27105
93376
91721
45143
57366
70685
11117
66456
70792
78279
54718
61578
68596
46990
99146
51484
18167
62332
82308
88611
44224
30646
96287
45995
84534
23932
53801
78471
40578
50762
77474
41961
55163
62913
45655
92238
31756
30752
73791
84817
38596
74763
59570
70591
41562
93038
95809
38698
31291
53915
95094
32631
56690
13391
47369
83123
61970
31570
60251
60418
93283
57789
5971
46680
86086
76470
87731
5888
64903
85239
39958
14329
96350
49838
63944
609
3650
33405
78338
39754
28875
44864
3808
3433
10786
26574
42497
21549
71
25113
85979
37356
69407
38480
68856
36025
98776
56644
33425
88274
79098
6440
35461
84566
7659
26961
56373
81108
66719
53405
79360
83454
55323
29136
13974
6748
32484
1145
91227
54141
85545
2035
95067
78441
84362
23367
33060
83538
84835
71183
80996
19720
92696
821
16160
11307
11743
14458
4334
1371
43301
14611
46639
32364
13150
37166
1260
95542
27533
25106
31372
4776
80107
29284
13168
35004
77144
89894
62636
48742
95067
28410
10850
92454
31736
61924
13019
71613
76781
16333
83109
36092
93672
90308
18212
30647
16713
81791
16054
79961
28271
37535
96424
61265
11522
27665
19406
43722
21181
96657
35683
64089
41238
88969
7197
50447
38283
75544
2923
15598
4042
25678
22479
28857
77757
68562
91090
18404
70224
