64477
23739
43554
24630
21003
7494
79727
6535
78765
27953
63755
16128
2940
90681
21364
86807
71202
28532
83271
39452
18526
44755
19195
49028
21747
18727
2459
62337
5267
1600
78398
57875
62499
22416
39781
7959
73740
29485
99792
61757
93470
6326
50525
57400
96192
57549
8446
5487
24920
64483
98550
23504
41779
97041
80784
65188
88274
52290
34107
65374
88562
67726
27782
23597
27702
98017
62452
98928
15795
42619
35228
34345
21368
33264
75552
17194
70840
86479
75464
97772
47285
80672
74747
59263
86858
39175
56537
98204
92437
83461
6039
37814
46847
56413
59191
55630
71305
99380
97796
84998
18198
75729
59175
91757
26575
101
52969
99769
90327
5988
72774
56243
37451
73137
75754
93292
97589
120
52011
27502
32718
24628
61698
98349
59181
94097
32199
38972
77457
39084
70920
75195
21478
97910
66405
5774
56087
54487
78955
93066
39889
10287
85900
4840
61552
83192
72728
63356
52969
89960
10330
92639
50066
74675
86800
23496
36465
54253
29544
39897
39136
1868
18452
12117
8826
80044
5130
79408
83941
74860
34267
33183
65340
45077
46670
50223
47383
35963
77112
39025
1593
31548
65209
5010
28598
32166
48310
15017
51967
69077
59887
25258
56204
48730
79357
29432
93540
46487
75690
66295
89132
63462
460
8318
76394
66106
72159
55403
30388
16573
52062
721
64954
31192
78942
8493
33677
21905
97895
70166
70826
50255
42928
47923
37415
49721
470
35078
99097
220
21593
6150
67616
85291
66227
69130
16111
41249
71381
21505
54395
27714
54783
97119
87904
44671
80124
59762
71339
14424
72888
87763
56839
76988
35071
21943
79047
85388
78452
78341
57293
68958
5674
36354
98197
58302
96482
25736
7457
25358
18146
59093
56353
84877
20782
4512
8926
20662
20934
6598
72516
73311
30908
91555
70666
42178
53808
80220
49375
22201
96330
89784
29811
59330
76723
86895
40607
7778
9808
87611
87986
47814
20604
98443
9592
25668
99168
84663
79465
72192
99570
36813
29420
82891
27272
36585
81798
82213
42647
87300
49763
56611
65644
56004
31520
50252
74054
53329
69234
