67214
42359
19565
11941
37915
58858
15768
23832
14083
19768
15157
30720
80798
25931
5399
73589
69827
47361
86503
13098
1378
10499
44405
28594
76384
92823
68504
67551
51759
5323
45891
70597
12137
71922
99783
29214
52682
12204
73311
38438
14600
36637
1788
21095
43184
85535
77133
56719
18717
95059
38922
64508
8855
92787
99389
19386
6054
29667
68014
30884
31826
77446
80938
41286
86585
70349
93903
94019
15467
74858
68823
72914
66310
16515
7102
29731
58313
83138
29041
11040
43223
24616
12757
55791
9930
23009
76849
17971
14416
26163
46650
29201
51623
79217
43065
73681
95313
91725
40826
70555
99284
94473
39028
28448
82161
68174
38576
95931
9374
12502
21560
3468
8994
14147
63325
94980
30989
30067
33924
11872
1746
25899
399
36428
36865
83216
644
30216
11333
81300
77116
83592
38807
17422
10090
78421
62781
5890
48005
28593
42627
5184
14612
88951
84948
50217
86646
92801
16821
95467
35563
29764
92830
51565
97794
75766
64182
17862
97567
95184
69066
88297
84872
65998
63753
19258
8237
25939
43263
20228
15922
28777
16428
5411
1563
21222
58753
12956
84883
32810
74198
46893
77976
16037
63914
89695
67078
60917
10872
86648
14142
29357
64979
91501
86611
90738
79006
94964
91570
32767
53643
71927
33259
50440
45357
54661
41632
33915
96123
65026
71721
47874
85956
29631
71489
80357
64938
74436
13168
11789
37981
71754
50198
14948
85525
70693
34641
61879
42762
32543
44875
90397
2195
57632
81828
90225
46682
78696
20023
54011
81977
18943
70187
32238
92115
34147
93784
29482
90225
90817
59060
53825
26487
90912
52090
20151
71491
72630
31093
26562
24129
95454
66702
64401
90670
80481
79344
82729
98279
53489
86388
18347
19852
75541
68654
36017
72311
19774
659
55831
99187
13529
84326
75478
83291
55005
10973
72267
97073
39204
44340
29623
54967
72054
15662
97279
34093
79968
55972
88340
15239
6308
37356
89741
82378
57162
20230
99056
9732
58068
88933
42896
79813
96016
53465
3887
69502
49990
37685
99461
50772
99345
70530
70937
1440
17515
48991
33644
79814
46528
79059
23029
23472
61092
97521
41606
34471
11969
14791
34510
43790
92393
35107
76472
15002
29674
45121
34929
90962
81183
8886
30151
80063
2979
75154
21772
73199
64640
56822
71194
82061
79046
43986
13425
50101
53591
40729
25819
74870
78398
47236
13424
18760
832
37119
89077
42631
2412
84
19840
85932
43756
42642
62934
37894
53309
81625
45750
88762
23386
19525
66734
90196
27092
11317
75595
27209
39839
60759
61902
85003
73574
5554
39289
4808
53311
29967
63018
67519
43672
55684
69726
3935
39248
41502
26839
78494
50339
70699
11512
29459
51166
11714
69869
43442
28912
10063
71943
63329
92641
543
54757
10651
5372
6052
36174
80384
77704
71717
79227
32534
70709
31686
65714
14465
69233
34191
10220
53115
45306
28795
8120
45808
95501
94719
58905
97528
30366
21845
55338
11921
40449
30789
70178
85529
10340
1231
10483
23493
1919
54327
93932
92545
54020
69869
58046
10629
5809
66552
49179
4144
8229
37982
55930
39875
58414
90322
40920
23228
50560
82107
25944
56654
43298
83357
87979
54969
49859
96455
42635
78796
3082
66616
61089
82099
65803
8750
48806
38878
73845
74765
967
11985
75560
85928
49121
65473
47620
42958
1196
2226
64924
58452
93524
77322
78441
21468
80195
90576
44732
8447
70618
98983
69163
65692
64414
84065
98509
42813
34671
76514
28288
9698
75027
38418
21639
97388
46546
51518
82162
63176
474
29452
96597
82517
83267
99865
13979
64660
99597
4978
37203
18124
87109
98475
31240
2423
13415
42942
66414
4301
64093
31491
23096
57995
50917
39080
99559
67423
94224
30638
55933
75922
58055
47361
10800
42610
65321
25137
75833
30459
9647
73905
76940
77826
24688
63148
59138
37118
49024
95487
46482
25747
3571
28374
62655
30652
53856
7015
69355
21812
45216
40005
84553
64546
62582
68418
53999
9759
27848
78245
33546
67268
42987
92963
47020
82068
92990
21437
64192
91012
78637
13302
96574
76003
89429
96464
41050
1162
98919
34402
62903
24481
94790
41879
79321
41642
52330
11301
41336
79246
55559
51113
30352
69379
64903
74428
32118
92695
180
6068
43365
8092
20754
44506
67669
62544
68553
44067
65709
91015
60160
56301
19792
79415
11076
67320
35347
60896
8713
96382
72494
9078
37288
47376
33969
50509
52742
27791
61294
25663
28245
60804
