33630
19640
60083
33083
96397
84196
6931
89169
68279
90898
10182
90502
17450
18245
18914
16789
8973
15689
17757
29601
86679
55459
85520
86586
36763
69497
36118
45231
14014
92891
88276
27274
29224
25357
55316
50252
13592
73619
27049
82981
73490
57944
36279
42896
57492
81882
43114
8649
44903
47989
39908
81932
58161
84810
54453
60203
75559
6604
42114
53996
52415
61032
98856
96637
91619
53326
81946
32949
81122
42688
47719
62376
41952
47349
4759
10470
39086
53579
74707
47568
14901
83399
67972
91288
57707
24618
35635
2197
61128
78034
19280
27648
66642
54441
40111
68238
90964
63695
4076
1257
37421
50303
38543
3149
31525
18016
16682
28925
27834
24778
84096
48703
62489
59667
9536
8603
83849
80053
48718
83659
6016
2782
57251
91743
82521
96884
69195
95824
28445
63555
91340
22814
29246
77316
18502
65833
98307
59787
3958
82376
70877
75213
54132
11082
85337
74924
64733
23143
46446
14881
70155
15137
35062
73509
92863
19804
72569
24188
37857
76215
46020
85374
61470
25895
96409
23523
53841
44271
80768
27435
12252
18237
23899
3111
99989
64740
7992
50631
65438
90801
28479
77281
7660
13068
62827
69019
65609
84749
14262
55509
33973
48216
77484
77142
6312
69239
17154
72305
93618
23411
85823
61747
33635
81647
27064
45612
518
38945
24730
24312
60040
61101
17760
29641
15959
7967
43909
44883
54117
55493
15315
78548
83468
69063
4090
60509
48779
1636
39644
11905
4878
4490
89765
57785
43981
98705
631
55121
73483
85781
56228
34035
27102
26511
90005
71310
33998
94703
88871
72962
93334
42199
66037
72299
56328
35383
98672
648
37997
98368
8684
40711
76298
19303
90196
87534
57406
46553
36670
63976
94984
77653
98360
83627
52837
5067
96418
1794
10615
8175
5877
57180
56385
3065
75041
45648
65710
61564
