78410
99882
80481
20659
83013
12009
64672
92015
36062
33373
34430
56541
49074
74848
40463
63757
4150
75080
60091
69051
41505
65928
47874
10685
12247
10390
95152
54869
68724
74119
65881
71782
32305
68694
35537
65636
68629
7492
98954
47652
39003
88986
23019
40338
36572
90794
6410
37602
84025
93043
38694
96670
49640
16930
70531
83806
1880
33653
30018
1269
85442
42940
58780
24840
20366
71577
93756
94682
95295
19910
71734
90530
44924
72341
70440
55070
69308
92402
49387
62305
34925
28965
54006
65287
17410
50804
18991
86954
35446
6086
88078
65037
38657
92961
46033
61813
63318
81173
38838
51800
11574
80242
7608
50573
24085
72883
46824
17731
33382
2526
17927
99022
56934
33507
18718
10044
52642
32962
85755
80197
17990
58282
51368
30433
84900
87484
82697
1107
41885
79982
10066
92675
8430
57675
68899
72266
57753
46903
29985
78150
70575
45937
79634
8237
17816
73905
36852
4415
35391
12977
21882
84020
3004
71207
68196
37044
84799
39888
29626
29093
77558
46377
30022
62399
7323
27575
86635
49916
44669
85990
66853
91915
77033
72239
79198
35683
60470
90098
14314
55444
60682
85987
4416
52122
90635
5121
8086
9963
52294
53057
34680
70224
44022
94281
77156
31088
18545
76249
25349
69671
66389
89060
97321
57717
16778
1979
20097
38579
13844
2475
41846
15201
38776
25341
6658
81627
39336
35707
31794
35978
95245
73043
43126
52022
54832
6452
54497
96505
13509
15156
36100
74319
75348
81684
47714
86090
61029
86843
79087
37409
67367
55199
41226
44616
84062
32067
60276
2524
71143
20986
67275
47733
96169
73002
60808
48285
69177
19531
41586
62815
52809
50158
55900
63769
23567
53467
52066
99852
76942
89266
97211
73426
34371
45747
32923
8015
94158
75705
54856
91935
21211
64738
18967
39439
716
84074
64739
51752
21061
51764
55113
35399
28243
45738
99138
40328
79482
93660
24798
67840
54745
28964
52665
11817
26204
37194
67005
72856
62942
66436
96596
34922
79097
76117
84904
5021
15468
23830
82810
24988
50215
2611
43739
77330
76950
91436
28105
38720
87304
97659
46730
17513
39003
65237
24638
12234
48037
11433
26436
70983
24033
18566
67948
57281
61717
89306
52436
27940
9692
18836
86337
97084
7381
76779
26204
96391
76806
46904
62694
46181
12622
84317
37081
50029
61798
11593
91837
48762
25491
1364
60932
66978
91724
12613
82883
6758
92514
66771
56493
73317
46544
12199
69965
38572
28608
27329
79968
10088
28408
72818
40268
29308
83359
69670
35041
99598
45456
4388
87403
64539
2010
64014
5777
69771
44945
14147
92173
38975
45013
77028
47272
15399
65404
46996
60753
47568
14751
77912
38554
75803
54782
42301
29168
16392
64145
537
52853
95313
96492
69194
72155
4755
46925
1819
34974
85959
67173
44069
49695
51760
61761
5074
20473
38380
11893
93
30978
34253
47268
43957
74016
17186
2158
18079
39557
17326
26037
46427
5768
34554
96142
24831
64225
71718
70753
55648
33953
26
56413
36464
97932
7835
33884
90145
75188
48666
37261
91847
89171
80102
12996
34875
69861
28257
91162
62971
9919
70064
2498
82127
62576
58860
84010
68775
87026
7350
69418
47873
51885
10728
7468
47878
45321
5926
59799
94260
48813
33458
74394
66326
27705
13695
43218
71567
48284
26590
5560
65173
89011
69940
87882
12250
22047
23149
91124
67527
6305
30473
20987
46241
42741
63572
86310
88781
97384
56564
46313
47151
16088
77947
3311
9038
28487
59389
14531
99412
53274
84187
29531
45937
73332
43773
24066
90239
11850
52927
62337
75521
1891
66914
15113
43204
71502
53923
22015
39143
79712
6313
70628
25751
10440
61528
44224
6259
59793
88098
31307
71279
18836
5565
87895
276
27479
10608
27709
73667
46085
60263
79075
62778
48651
54534
33095
59824
5325
95385
58091
53498
14723
66698
21213
55344
64179
65452
85377
72681
84044
6356
49821
20355
98748
3656
85825
1824
27311
65232
7537
10474
70692
80456
89680
20150
44717
88247
78890
61350
53508
56922
55967
31881
6629
75194
30407
81757
69100
55740
25862
86069
85643
65719
22350
23125
75783
51840
53387
77210
31280
50209
87663
61495
69371
20296
5499
20473
48926
7259
26150
81036
30792
81610
25165
14839
12890
44573
20471
97923
21350
64940
36868
63193
44354
41261
30098
54057
85289
70280
36747
22566
11055
17991
20942
