28007
6043
1124
52673
11952
66654
49198
86444
52881
98497
44136
67056
70173
40334
69619
59251
572
19645
53046
24293
24816
2836
30899
21876
73922
37868
28229
94525
590
50324
23992
87168
64904
95854
48901
99021
83017
1592
21769
50427
65786
64805
10401
94936
4123
30122
98467
27578
55249
54613
73628
75571
92618
88759
99170
4643
49806
80802
2133
92423
39556
71565
27479
60464
69885
42228
45636
33135
72962
94300
89136
38540
18965
2741
79324
59797
6726
1337
50677
33331
25877
17361
70761
67033
62398
81206
86374
97462
59782
13364
91121
83433
24544
1067
89824
99156
20189
48591
20341
92522
13870
58384
89047
24386
1783
95540
47534
42605
39089
98015
66811
60068
89884
63733
53074
26714
58240
48342
15125
57392
44414
54888
1006
57448
76696
26931
19432
69202
42553
63845
78762
15010
82274
29333
95858
35138
29970
99301
97322
47683
66225
3745
44362
70063
55034
18533
32970
70170
39107
7963
75105
85495
35978
41856
5695
65415
80350
86216
387
80236
53414
95416
94970
63067
45330
42258
37429
30224
77308
50062
59685
84059
36058
93315
37494
99097
83364
96645
30917
7774
87868
41960
44319
57261
71646
84354
27928
81258
15238
94639
85189
13350
58329
2830
71030
43866
29713
4073
50835
20847
13000
39666
73682
8826
7488
32520
50867
89157
65388
35321
71576
27464
51807
94401
3716
28311
34223
93041
41966
11189
4869
1003
3426
57702
61892
42538
83348
28546
33044
51038
65890
80965
41290
27412
77030
74339
30966
66069
56788
48057
70056
70661
51958
36926
67647
62347
15938
71641
31440
45521
89108
14252
90223
29569
62797
34254
36893
58671
97096
99927
37903
73718
21813
78964
46774
98490
56532
21082
92592
55533
42927
34391
97803
29037
34132
68644
9137
33802
60974
88247
86453
88645
45983
35668
70584
96212
37148
40931
18423
92355
30821
17662
68373
39860
82783
19041
72769
61959
27856
39780
28964
21748
30519
53060
25705
73397
38885
24253
15369
20289
21468
65652
14066
2227
23906
51408
87923
65353
92129
83017
95590
87880
76575
60889
52955
86589
19349
70576
23613
95519
46223
13763
5540
19024
6783
6948
70198
19233
36893
32716
94490
22101
6687
95349
42747
9374
51825
9221
25589
9604
83410
32516
89823
66500
33739
70094
77173
77813
37772
72612
18272
29830
93604
30589
65764
84866
76892
26459
43783
70838
53425
31448
38969
745
44397
52606
58852
33770
75873
46293
50545
64904
27105
97912
98068
64378
32956
19297
24310
27167
42518
93635
47741
75839
13188
39318
92762
32209
66627
38860
61998
43574
21493
93954
50842
85954
11385
84243
7329
56411
9797
72550
39100
84601
89923
93960
10011
3566
92006
3796
76915
8191
44808
33743
85640
13680
4001
95280
41784
37278
26342
68316
95329
22790
32187
98672
29456
8131
62710
97143
52999
80917
81874
61404
27946
7260
53420
89177
51815
78083
74366
38125
2655
93562
75382
63885
4501
22684
99282
83217
38066
88208
32794
2767
53139
25098
82521
9733
83664
28881
52442
49071
80073
85724
71067
6137
15983
25301
14320
14991
24012
91263
67127
56976
2832
97908
55892
58432
6873
20135
66633
76956
8958
74569
14291
97161
79832
65479
5987
80677
59341
66160
69463
58463
66715
32020
1301
87523
89566
96295
58947
60141
64030
20773
94310
91743
61591
624
41814
64814
67782
28565
44762
28406
30509
25069
18981
25293
50340
57567
15084
6581
71229
66562
30178
36651
85265
44097
94163
52349
84075
75223
39129
86489
70161
38681
62110
15456
55915
55923
25871
1081
88242
49898
52953
60386
95766
641
75652
82465
10539
36120
10216
80888
2929
4942
2639
51639
24671
78151
63369
37771
36204
5736
91398
50197
50169
40959
61556
14262
70078
15584
11093
54054
11056
68138
16987
5124
79275
53929
14019
89575
16994
47252
67852
84306
60288
65750
22162
30662
38586
77962
51308
26706
85139
30495
23070
27974
47691
82971
1211
78245
52645
89884
95322
90937
82260
75257
4276
44704
70465
9576
42936
13443
88923
62744
45995
94760
25628
766
5663
14429
33908
90094
38159
76085
35541
62399
39732
46800
78810
89809
79047
33266
74164
52042
9012
38805
89330
92923
59095
31770
39724
94562
24565
23163
92204
7401
99738
62108
16314
3147
22890
66496
50403
78551
11334
32760
51173
58541
92446
53302
91706
38021
86253
10368
49406
33679
62581
92032
46910
1077
75960
81367
89695
72988
84464
42546
17352
46954
32364
38517
44174
55969
31783
95955
64410
49897
25734
67552
43032
34924
31758
86622
23903
66907
15616
23507
9368
47438
99890
5820
8364
62345
11467
39258
88335
63610
39643
26027
44259
23614
40181
73588
28299
64387
90858
40922
67277
30664
55138
31536
55426
54977
32377
23626
31645
24727
69141
99311
1333
13196
75744
84974
92145
67772
83334
88680
87183
96415
93355
12427
29842
81099
9258
97854
59654
64182
15590
63448
592
67801
69007
32364
95606
40591
90068
60319
16872
75293
88479
84345
7882
98861
23153
73241
32096
14866
20474
19107
88693
50064
64213
83925
82439
41075
87646
87384
68114
61085
97361
86994
727
34238
82176
63640
30537
20475
54609
85728
8085
77841
64466
67924
43019
13811
95578
5187
29997
21424
22301
98865
31474
13904
267
55727
30200
69084
29637
16742
75908
81085
82749
65452
30999
22908
33738
88921
7087
73993
22405
37267
73398
41752
71363
35269
36428
