36676
45944
83835
94792
19787
12082
72299
96334
15693
87261
16392
22646
24167
96548
87224
75395
37108
24097
97703
52060
92816
76659
96888
44884
87463
15054
98508
20485
36152
15181
67405
87381
63243
84674
38712
23131
74988
66350
96773
40378
28740
60460
27573
60044
49715
96328
76247
81338
63243
57518
41334
58151
25964
22428
92163
68493
14584
29881
15642
11679
48690
69055
2516
40301
68055
32211
31080
50438
62489
74294
42302
11800
34676
41331
80114
58675
99439
94873
76449
24011
81137
76579
30164
33692
93406
73235
134
8136
40044
36189
39187
16028
14118
5343
16158
11281
42972
30127
75423
79854
4037
70924
81448
53450
88498
97078
23571
8335
78736
9370
71274
6842
97754
35878
37586
1439
38681
12507
71860
92394
46297
4767
68937
60544
14185
5074
48098
29764
35406
77049
93074
76501
92068
8950
43832
148
82003
121
81100
80964
3625
68687
65765
18602
154
93017
61029
16724
91537
63864
50786
9750
29842
98755
65778
50351
8814
38683
53138
61258
42273
48246
58323
38624
82347
95863
79650
24571
16713
95199
5810
81686
23535
18845
79655
8288
96997
84929
36482
12767
74299
44590
52452
66769
93994
80621
19489
44653
41129
38302
38979
37704
27272
96842
54872
76436
24045
17492
67449
8579
39049
50861
90135
12201
40565
99463
47524
37247
86990
38497
81436
79332
47402
31202
79502
58974
91159
90785
9674
43006
80943
99360
56905
15874
50489
91064
84436
54963
81662
44560
64594
32751
17926
49735
86417
35521
48816
38673
69744
15788
43275
86239
11846
41703
50387
58806
15699
28962
78443
3234
97858
43846
71795
53316
8503
29531
70374
65830
51099
11907
90611
78543
36576
89475
39318
77649
66035
12802
19251
20896
6974
53514
26638
72893
71158
34636
69481
47025
4296
20864
24667
83605
61755
33450
96330
84174
50498
87863
58053
28598
97825
8678
93952
76757
12664
96004
70284
86127
55153
30832
22866
5782
21666
8606
80076
79648
640
14999
49697
94292
21760
22045
47067
7902
11659
81740
83591
50722
21277
94715
18600
61325
84122
19970
59959
391
4046
34838
60092
37380
41727
48784
97506
54617
48658
30700
1242
71980
36246
49260
64334
82373
68561
33852
99391
50977
63461
48401
65470
34309
63646
3403
57348
94927
34106
91098
62607
94599
62774
6652
59865
88085
10065
19268
38518
4109
96416
26614
63530
87141
66926
74255
32772
65607
57196
80546
38747
86593
30268
65021
24132
45178
49142
6794
83981
96191
25718
52113
63001
22364
56035
96091
30264
39302
63004
14193
47522
69652
42784
64963
98705
86766
50266
100
42840
3070
31752
63635
94787
55364
85127
60245
90476
85157
36956
62973
65431
58019
15745
79565
17259
64999
79338
51990
16750
10715
22579
86556
55963
41268
45032
52661
79107
7629
22288
84496
37821
61007
19287
87090
33995
46156
24087
26363
33579
36203
48866
39815
32918
89533
75183
84209
38169
41838
85022
42098
29229
60887
32777
75399
8661
61840
60746
54096
24915
39140
17411
34709
95464
54397
63694
78915
9959
43485
22401
30804
31988
56238
60541
60557
50366
40338
5684
97313
14101
63860
18868
93298
40234
17375
59028
12119
83779
30733
1274
29369
98423
82647
80679
46360
33260
46220
22208
99947
8746
21085
70938
1765
88827
98965
96288
21106
8034
40997
21060
79136
99958
24733
960
37147
87481
69207
57064
84401
94809
4174
61422
49780
86882
23020
22864
2590
7613
33024
62626
98062
12970
23470
69236
26032
61461
10145
18145
4571
26584
63196
9875
97076
30765
