85398
87025
22948
31137
51416
66856
41702
14387
20066
76576
23811
57633
67870
6901
42550
79842
49021
51976
32488
90181
43821
28049
42525
65814
85655
92943
69914
71775
92471
20703
89200
34859
52409
92235
26186
84166
15820
99993
25136
34592
35174
49124
24918
98896
89204
67817
51588
52405
19260
70232
79458
99416
11793
51690
3103
91181
48754
35537
36990
41688
1728
42667
38110
28461
87097
27088
63845
63376
30998
58859
47752
39386
90461
73990
36953
23805
87652
68221
37486
25823
46499
56757
23114
10082
48532
28133
63562
84036
79242
26290
67886
85186
12395
27961
76673
43575
64364
52774
83271
14403
80359
20225
30275
84678
58523
29576
8418
58668
24033
63575
73351
97571
12550
71492
916
61703
7402
97831
74290
23390
6483
3094
7901
17407
3310
92048
47950
44654
23076
52367
5766
15650
41493
61600
87700
74376
87348
86127
11844
74944
63359
77403
55045
24709
94681
82888
30772
65611
12037
21620
19498
28928
94849
48321
68447
98196
42653
56369
18905
44149
48343
6896
92885
38035
10548
62411
84656
59971
19324
17342
87379
93503
81779
78699
45913
31210
53104
54759
96191
7698
82940
72462
55559
32270
5640
96247
34408
51494
24107
66754
56821
95793
72311
48557
58536
77145
95735
54470
5067
55420
11719
53531
56611
52716
23696
64205
47706
69814
11678
95651
78951
41664
42464
12795
74812
23755
65980
18331
63596
74199
20332
54885
55639
95078
44761
7113
66803
8440
25554
61653
49017
33046
63977
3656
84937
60843
63466
47108
90426
82124
73657
61633
32066
92569
85319
68478
