51342
71879
3414
34476
24245
76807
14614
7722
60680
10024
1173
21730
36818
88683
58615
85502
62543
89452
55600
46664
16520
69268
79720
69582
30479
99947
79079
43423
2424
49323
24578
786
90387
54512
71074
80709
13474
95436
64750
53411
56763
87447
28565
45375
64955
19427
63418
31837
72869
53197
52220
39024
35158
98768
47744
13278
7910
96051
39389
83839
46782
39107
51300
98916
48048
73563
53194
56917
77463
51711
95828
83155
36908
31017
40542
72444
7266
35194
75816
73580
21279
66098
37053
9921
69527
48059
35201
93751
8582
92831
19702
57553
42890
67739
82923
52505
80411
58955
83714
30559
94696
61156
74236
46462
98799
69856
77316
82268
51641
57076
30420
38288
68240
16158
82952
39613
79869
44378
4093
253
26402
50164
8517
92153
82129
51159
35147
51188
9991
30660
4925
89864
94377
21855
19931
56040
13081
3171
95258
92868
98453
70645
32405
61035
41292
7477
18576
23915
74238
27921
10698
16084
26607
20501
92736
16250
10535
84189
74744
17657
30953
39787
41296
47539
5710
79443
2435
21525
64573
39315
38101
12248
53450
60576
77596
98306
67592
27868
3083
31149
40268
81316
28507
76064
1056
77478
72760
5337
27424
22767
33542
74028
44372
45346
64879
66309
67690
58405
86250
20873
35408
67638
93352
30618
58443
10555
97374
67834
5527
2934
79659
13479
26620
25239
60677
34469
38249
19275
72100
72185
43663
67795
47050
5073
30781
99343
48845
11617
73939
90169
34787
67592
71909
96111
63177
75249
38094
71912
39376
34197
6542
84103
69860
5630
30370
85517
10842
87143
29759
23145
63158
74431
23178
57803
68982
89068
9366
53078
98143
44396
49115
56563
29122
33878
56912
39970
4138
8127
15302
99436
7588
87673
25088
21236
50571
94326
52306
95563
27088
98410
89493
21859
16451
33998
2340
61339
14208
90913
63382
86233
46264
24649
56600
82903
10683
55127
2310
6964
83295
69896
24454
86730
54608
88968
75138
20127
51636
58770
88992
35701
6169
98514
9375
65917
53438
41003
74352
12777
10299
8404
1263
59070
34797
85917
88700
11848
42530
39407
63386
2791
35869
44594
80708
36040
31399
85192
71303
4719
88947
83734
43680
5935
69003
40579
60562
24028
55484
85849
18819
64183
24667
80777
38677
1865
89906
40683
73660
43243
74444
87234
20545
14914
2776
27262
10642
96808
40157
60891
61795
7589
16315
5319
8581
21149
45465
7969
34849
36642
58193
59453
45362
47914
85844
99460
77916
45692
79707
87480
94125
71076
93899
72917
53902
16550
24452
10482
73541
83983
81158
62215
82475
87174
12801
51337
47749
7042
15991
62929
9601
73173
1872
63418
67951
4326
98586
97449
61049
41405
23291
16231
9825
21015
50037
83370
48789
50937
29012
70002
60401
70721
31639
86959
19090
22327
23416
28831
34962
259
78842
83989
5701
25913
69262
73877
7759
52911
14754
24540
20416
83471
9575
82589
8077
17767
92445
49318
94123
17534
58461
7649
16266
38817
53250
31382
5069
97116
84341
71630
43170
98308
55924
40882
54562
9520
95743
47986
59430
14088
20031
35777
84643
58486
2386
80510
22020
2073
3063
37741
97220
71193
42066
24164
91236
56372
82493
2914
31279
17687
19756
71513
54343
50152
26171
74572
85195
60736
30326
33140
7880
72534
90884
31165
32953
13015
40913
65581
78556
79409
75607
69412
54994
90574
56841
254
14803
64127
33371
91510
38508
31950
35761
65637
4534
60117
95586
67624
76948
12844
40200
35199
17321
25757
32775
57650
39571
47989
73560
78478
15912
67379
20818
79437
29035
77762
67891
5684
66155
52547
97488
54069
89209
34148
7927
27701
67587
17997
64029
34152
95826
35769
80521
74968
25532
39617
74139
31557
29959
14196
87163
35526
94427
56579
19226
2894
89635
57944
21287
2121
64032
84071
25552
8453
38313
21309
78514
62542
37570
7893
75840
34706
45528
1866
73164
20035
44951
72742
7029
72346
79977
68920
22445
17497
78859
6628
99749
5353
65581
44885
4215
6722
41861
69614
55376
93385
66961
65406
32856
90003
2695
10545
18143
8840
54907
82755
70854
17443
48877
9775
50823
3990
59563
48134
82946
78346
62954
53787
390
20259
81149
41051
4824
49474
4080
94011
52098
99589
17188
59401
1755
32233
50662
84388
88527
34512
27310
6440
26475
23741
15441
