16425
54118
26499
95053
29684
72496
39850
31566
45844
61901
25680
44207
23842
96025
5630
1683
59521
21144
17605
44842
47876
29348
91402
76144
84572
93797
76398
93426
19356
85886
46585
69009
60555
83940
31171
31456
76229
7818
51038
9064
69871
63927
82595
24874
44149
49945
632
94916
6145
947
18427
82701
59578
32402
72814
21562
45175
7549
72607
79011
22942
38059
41970
83296
81566
99374
4685
51564
7877
86669
53376
12460
89599
91407
77423
41449
93996
76531
41437
74936
8764
76093
52854
9947
56169
14955
66874
34145
25873
12581
22209
59720
11695
50995
9583
23203
97717
96808
67414
95510
97288
3612
80898
95198
9528
89560
80613
67246
53915
17259
61792
42292
66725
64857
74026
81562
71141
86866
13440
78056
99487
97633
18793
40006
22945
92955
1221
83551
63141
28311
36882
30306
7458
71229
154
68322
82383
40151
21372
83581
68246
83300
23989
70042
25360
98315
12811
14155
62146
67245
55510
95954
52340
92979
22795
16000
74218
26822
49606
14329
46817
98590
46068
39955
80295
13394
8123
21084
