25416
99910
39152
61117
89366
54093
88192
25544
68101
99392
98165
69197
30712
21323
25848
373
83453
83651
22375
33161
43309
32287
87138
34009
87265
98663
86738
4920
63054
47973
84213
85477
59871
9304
99242
17220
15183
88328
33109
8075
4735
69619
52624
67257
7450
67142
77135
83168
15266
55655
71662
73091
95766
21199
13689
51675
80483
88725
83287
83604
1924
33862
28212
82068
52855
20080
12138
16283
2237
541
31500
83077
26734
6206
96686
55405
45687
97853
7188
67820
70353
76116
25045
69215
80415
43003
88523
16326
89476
55420
79834
44553
55582
14884
7579
70453
2211
37650
17797
24228
38646
97969
9142
25787
54054
2146
96003
32460
24676
3987
71610
35484
44478
37612
48432
23263
35741
5992
47948
27391
20503
352
97454
86460
61298
87683
9662
65805
68854
21314
66925
87845
29486
93735
64682
592
19867
5190
96163
40988
38868
10700
82709
32181
76349
75220
58579
31593
44291
34489
35951
95626
95442
66085
78152
42993
29460
52647
31120
79584
22598
63939
46744
48960
26456
19492
26010
42857
43808
8813
70819
23424
98940
33581
67643
65242
21538
85200
5042
50463
52838
34866
31849
77674
1512
2094
95738
67821
87254
55285
37797
28273
86853
32282
10873
81818
50408
27434
28347
30729
73835
44954
10965
24284
15535
55512
7294
92496
41473
6051
86914
39079
72665
16183
39726
35044
71724
97728
51738
32850
14351
35920
25299
36581
65545
28011
45732
42648
12083
52447
39488
5109
44174
10898
15439
19892
27681
70196
28531
95067
65678
74835
82645
3971
50864
80236
59473
34171
63027
74943
23291
14213
57680
15068
58572
31647
34308
72890
88237
93372
9356
78087
55806
77713
87422
28729
93636
43244
15815
79426
33805
8318
36381
82338
65601
50073
34336
17174
34087
18068
61394
48047
59600
36747
36335
7262
28549
80771
83083
18443
18376
84684
6343
66468
27177
91072
75312
57170
82024
70984
92180
71496
98593
20061
26369
67029
49049
53259
92220
68632
64099
49874
21083
24979
1456
24454
78400
34073
38737
83671
70162
61537
15658
33387
5369
73756
87252
95558
66454
1411
58415
52684
26781
6185
69699
8669
24752
91503
67825
72287
63737
81975
29083
99066
63555
26545
96460
44060
95061
30993
25221
61084
29517
82561
59621
8156
82549
25778
29012
47528
66405
28142
37325
89660
81525
97225
37062
1282
24892
75958
36605
14903
11626
79222
45473
48623
25022
98123
2745
19951
37605
6346
39317
97913
22288
93295
43279
91333
85424
19498
85661
24490
25521
23864
26615
19612
48
15821
86303
86383
16730
30508
48625
27001
70179
37209
64169
8374
16480
53797
59468
9509
93569
45001
79988
64464
92494
54542
77787
83721
77853
46249
56803
43151
85614
96772
85343
85392
69251
26231
73826
46472
48575
26294
65474
52296
98873
45956
2568
51186
16029
65797
25655
64289
12959
9393
90807
59525
97725
38052
66653
1771
43185
75410
7257
47324
62511
85432
24667
9596
22049
93357
51842
46994
40445
32728
63683
16936
30591
12859
1906
91816
2600
49869
85840
71718
24563
5478
39378
49789
13232
58195
81865
86961
3871
94441
92915
78580
59178
60086
26302
35044
28191
38739
83252
27121
68777
11766
90632
80860
72618
46979
19035
66587
76695
65154
60522
64410
16912
64237
8472
94619
11002
62400
78740
50942
68539
56531
93831
85947
69458
85475
38620
23916
40752
50316
68076
46792
19031
94675
75365
50570
5997
18079
57974
24912
71580
26344
28697
26335
91114
66088
40702
36356
59408
95119
61744
56790
24442
21074
41639
119
8602
88867
88425
88184
83528
91547
81757
35612
9658
95700
50606
91349
86716
83188
5080
23531
65965
61155
58994
82971
29270
19229
9368
75964
1607
51363
23635
66845
73711
50828
85031
48585
67127
5946
4954
60461
26812
98887
57724
16240
83976
11997
78743
33601
10668
69668
85748
12463
89020
16567
85575
21009
83815
95344
40953
28678
52625
3778
51920
90166
87951
67301
86045
33400
44286
1099
94145
14381
85824
93073
78045
60457
73396
60466
5364
62290
80432
42165
8383
7328
59582
59431
23470
46757
17041
35587
18518
17830
73315
21166
23099
51303
17324
79167
17915
33509
4865
16507
5012
92701
42118
80671
28467
88906
61265
31670
16762
492
86781
9707
80845
24451
17703
58552
32442
84794
94249
48540
65666
63137
34065
24076
35304
5843
50685
40000
13877
71607
95477
6318
82758
33985
71300
34836
10611
1624
52661
82542
26876
76051
42950
83976
95922
80316
8619
77486
67455
17206
76130
43839
62355
58107
35247
84671
23052
95518
3156
89707
64705
52720
4302
5288
30347
72414
26414
33620
2192
1303
10194
11582
31726
49643
80800
59506
7521
22990
89886
50700
61329
48604
83025
76014
45050
58263
17425
96365
16057
48204
65445
10821
83536
85556
78432
33452
87639
89014
43991
77508
23456
69353
79421
58378
95172
40408
36222
14220
57646
44254
23636
1272
79524
58896
42057
5775
65774
25786
48426
20440
43685
35713
82500
88625
90521
26536
35615
95008
88158
50479
56723
29895
2580
45397
82154
49142
20402
65822
27252
79066
28687
40047
14017
60180
5228
83734
69663
55141
90209
68615
45456
18789
48867
60129
12134
15059
75438
53744
17246
18886
98837
83051
61495
5985
12707
26845
79245
19397
81677
11841
21431
78945
46486
69862
7737
94437
78334
99058
57126
80020
20104
83139
10549
14584
51431
12400
92863
80111
260
49103
17523
44482
39278
19535
26742
15447
77119
26629
3162
64444
45575
97157
83290
28260
90488
44326
39791
2223
68493
64136
24210
54881
87447
11473
33775
39060
51717
28658
30082
76169
14287
45065
72080
27066
14815
93952
24357
39019
93213
79954
61925
50623
85206
24334
38129
44935
56552
82804
97017
49557
32877
23420
22968
56623
72929
51382
26128
71647
34545
16908
2147
87974
38146
92099
37259
92113
29083
45793
80791
40644
59217
76488
58114
21650
49325
35744
70641
86351
26843
79059
55753
8573
75314
79474
31659
76898
47131
78901
20173
84443
95231
48736
39510
30121
64146
76225
83574
60266
30518
88277
70944
78947
86990
59818
33957
63865
91712
90975
88877
20095
39557
4232
71924
88265
41072
42958
