35582
18123
63485
12768
91469
26234
16151
3098
33895
47693
95535
2159
203
59992
46438
1033
29802
74761
18095
3253
83982
62209
77192
84114
73703
84857
26901
55237
74163
22246
27479
73578
3528
47542
4621
14308
53857
91226
42151
8405
48900
75774
78435
36202
37228
94739
82311
41934
65528
90510
48409
92351
67663
87050
65534
69821
90542
41288
77805
29662
92783
14103
20559
48446
6583
42414
98838
18164
33661
45397
51703
92160
46674
81604
36933
53793
11953
24931
41356
20355
66757
17585
96902
38101
31953
53793
90941
61720
18272
41790
10846
29492
60522
34607
36918
75525
45791
7317
97996
73074
77043
89713
53531
37214
21574
17570
46826
67159
62095
5644
48041
76268
48292
70933
93962
97404
61961
56202
89018
66985
63986
73918
37659
9964
31511
57906
92159
94754
2355
62255
98435
12771
58744
58960
16037
16243
56404
81501
73124
28242
99096
72307
75699
11822
93898
10591
22873
32920
76937
6729
36968
61588
63896
72749
27095
14890
5354
28420
6046
41945
4744
49441
83726
44299
82241
95256
55563
9956
57551
13465
65288
3764
28514
11322
22077
95148
65579
1042
64678
65517
35175
22402
75547
79451
7462
15342
40264
11569
46231
72585
33096
43151
73778
17167
94211
14510
11937
63531
81889
86291
61740
59833
9353
58274
10527
64742
8731
62506
29050
58835
40743
50014
56310
45625
8232
2692
4047
20678
93376
37286
33170
82853
55216
60039
24004
79196
56340
99695
66636
13103
64826
4455
76350
60897
78781
66848
95493
79995
7714
78829
90060
8261
67790
19825
94058
27250
59682
80307
88648
96888
24820
33806
52495
32124
87019
50117
92115
87724
36919
22451
95990
68646
76298
32769
7706
56695
9495
37649
83271
57181
4678
80247
61365
23405
43344
24072
46487
11857
64253
64298
19204
6537
39096
73323
5091
25842
41292
28909
5298
79973
89854
77214
52819
96182
35270
