9201
39007
66300
50891
81746
96922
87184
19702
66429
15768
79940
29125
98453
33855
69044
43849
3965
27208
40728
80852
73491
50266
5130
48884
85318
23156
99119
28342
94262
45700
35300
72556
45159
37877
99143
77833
84129
80709
49374
71336
18311
36852
64071
94797
95794
96664
12318
79875
59914
30830
78468
66917
85792
96299
92594
10904
73323
4912
92250
54613
44765
11612
1974
56101
7361
18171
16368
44612
91635
54108
66349
17704
10012
10945
85143
64315
86760
6991
39013
30884
42982
75493
74985
30181
13563
41482
30966
51869
71907
92255
12043
30957
12486
38163
40705
21239
73075
53845
33901
66242
2716
32644
99794
79450
29229
65123
27366
14069
8618
52104
93887
43952
67172
23251
94746
16888
93335
74844
56136
75045
44803
85733
99062
50977
10501
14991
58487
67718
11186
89736
7024
56644
6351
58049
64511
89698
75984
78238
89705
19804
12331
77095
41311
33579
63800
23868
66700
57923
40552
96901
14878
56950
77502
61927
49902
27317
16046
82546
93742
2966
35025
13527
67886
9009
20546
33335
57770
29860
27256
40119
36340
68311
58529
71600
28953
61594
9495
11938
57587
73674
65569
85128
23371
53010
69225
4455
19464
74830
14389
85185
55992
16811
95396
60646
77306
60618
79463
19530
95366
36836
64378
26321
26138
43752
24926
86342
31681
74847
8692
55019
32354
17936
27448
55531
37955
58111
58551
61707
2071
50000
12494
2976
36811
46537
49952
24730
87433
342
63860
97533
8807
54246
25129
3216
61072
26707
32439
33902
21292
53215
94468
14714
78094
37273
63
78480
92506
83967
42780
30967
6225
10462
5804
75122
13722
12468
21817
55733
4239
46135
65691
24341
83809
87758
67642
64984
42569
11261
82752
37548
67405
15390
54938
62548
31434
34826
79787
8892
46148
76920
83789
69261
40903
10652
80229
71292
59961
45777
52801
10781
91679
18033
77777
38038
45449
71744
42656
15406
50586
71273
32813
93220
47831
20512
74218
5019
53100
84167
18064
19731
83125
85260
22077
14259
93616
4976
3724
19970
14493
32098
27631
25366
8398
42793
35882
6212
64497
38144
63119
83445
97911
44700
29842
99705
6464
91114
49897
32629
56869
14899
64738
49848
53826
83329
93665
80940
23774
85211
31060
35656
72344
83852
76404
71874
89872
72258
83962
41378
77711
47603
62012
18225
54356
99802
66915
34672
36987
19326
59658
45382
83820
46419
52629
6097
51614
77850
91660
21149
76742
23555
1970
84850
88032
28372
33606
22119
42968
86209
44661
57941
49430
57403
82106
64967
48068
3046
48116
64301
14109
23329
51586
14832
14611
95306
25565
94240
83645
5626
94194
4201
33339
71916
54362
52771
62824
57436
