38618
35918
73565
37507
17047
31738
33447
68502
88820
49307
70002
35042
76604
81217
76016
33440
18753
44900
22481
51438
62925
62721
78298
68924
86919
76194
13982
59524
29278
92508
33788
4119
51765
33298
28500
44049
76811
55191
46951
61422
57638
22864
11754
20055
22875
51127
90342
42837
57564
58236
60528
72102
78974
97062
61312
34188
48646
32343
97200
58147
85008
8078
23731
28459
62396
66886
463
70595
49333
30684
30936
35799
5855
45294
23595
32080
65757
35070
72355
63882
17436
59638
39772
68099
62847
98533
5794
27502
83495
9767
10452
21511
23807
78371
17563
61890
23746
16686
35041
17852
84617
8910
66448
19763
4501
72921
12264
85714
9461
76251
99867
22052
25653
26485
91369
96265
58723
83139
12916
33478
10527
24790
35135
80759
77822
80992
31272
92768
83483
