13254
79658
32066
69316
63994
93617
88088
12585
71729
86390
19123
45145
69370
57106
25945
79716
4078
6320
13301
64429
29069
97504
89155
54870
68278
82762
77395
7034
37699
44960
19997
36179
79071
53197
27362
57947
40741
20553
53659
80528
93174
63758
28993
2321
30646
13381
77208
61893
51044
65881
58360
94491
27893
9166
39961
35819
13035
21930
8506
83515
63159
44209
41230
82463
17832
56207
45413
26840
81326
14541
37906
75964
31952
41031
18430
9462
7942
67733
3272
68
17652
49317
61271
49343
67940
93033
65694
35864
49087
59756
39690
35229
21031
35200
23019
53434
68212
63956
72156
67229
873
38145
52465
43090
8370
46339
44349
83533
64989
78981
74941
5541
87666
48341
76677
39741
46704
57239
14820
76287
79205
75157
20214
69186
40937
70515
60166
77546
26200
80000
41630
95246
47498
47977
39053
86420
14481
83144
47731
90041
15310
3034
25836
47213
84657
99439
72502
55898
76843
63994
44929
3814
79217
40903
66259
83278
8815
91276
4789
52018
7143
5816
12893
48336
67717
17577
11672
37416
90784
10938
97460
62078
89775
65785
53639
44478
82213
60918
16000
47098
7754
79607
49192
85775
25976
94888
44340
11718
83055
48688
35114
16278
14101
24255
26126
99878
26862
19204
60968
73392
19219
9819
56019
20193
9394
32259
44420
74910
42306
54574
38805
90432
22114
3377
64941
88224
71021
64283
41838
23981
30171
36131
47195
410
76343
56890
52036
31957
28216
2591
13487
77714
16415
50641
17669
40582
46700
73599
27254
78799
98493
55932
51754
19409
89477
846
40773
37307
94212
35365
33749
42984
9288
61065
47835
21250
65216
49644
51252
24449
72697
65310
82019
54160
77815
67263
13757
54928
25074
93808
84625
67798
79850
47202
6002
25328
9320
79440
69410
36550
82930
80009
38428
82171
10763
45733
43390
53490
43685
34201
12562
20493
19139
71045
74615
97040
85584
1674
43345
29380
73942
74457
60425
93944
97980
67879
38498
87714
29375
82940
44506
78083
11371
54891
51320
49001
39830
16732
9657
32078
44185
15813
50193
39101
15948
39351
60096
48181
1981
49332
89202
93413
20045
77279
38195
88183
25703
97228
45518
8330
37053
15766
34144
78968
78113
61135
84029
22070
92765
7026
8574
47866
98384
71476
30886
33334
15110
88985
92240
78850
95698
44675
40887
49720
21995
97414
86145
61177
53280
83479
75145
25197
73336
86082
43687
95112
76490
93018
48671
74504
57942
12235
2371
21722
91487
60043
58117
79260
28646
65295
57756
40317
66244
48731
66706
32097
2531
92785
72425
8193
21850
70315
47816
79247
39875
56707
29926
60278
23226
96175
98513
21920
9396
95850
79930
39186
55865
53389
55297
6706
98240
70237
13753
57577
86822
91358
65720
93411
93259
47782
27038
56146
16169
86412
26623
30162
26673
71454
71854
68104
19876
402
79303
33028
94475
12244
35321
32774
87347
1535
87887
31869
23656
98471
20058
87945
79853
31954
13917
43458
95318
94823
28724
49330
85506
3358
3105
4733
280
36439
39924
62849
39836
7239
53239
66680
28462
78605
69235
88346
49888
51523
49891
29824
20690
70416
40915
26595
7212
43962
25012
16899
32407
35641
69311
13764
56536
18246
79971
47218
28906
40338
58413
58693
48151
74163
51859
2367
66931
33849
95421
84658
4789
96479
93040
90656
7090
24221
8824
26010
13240
65019
23666
56489
5284
58815
92083
5515
25344
39239
69304
51285
84412
86227
64364
31288
61352
84377
16047
31774
36012
79164
37321
38739
77349
33143
32939
19264
99772
21042
41405
62386
15171
40087
29546
42745
22255
85951
76805
6829
39533
14054
40534
43019
64867
7645
43300
23389
60228
45918
1441
43768
89454
19993
78765
19039
99012
64045
34376
98661
54467
92883
38647
81359
60804
95636
8529
8087
29261
97755
96871
73517
44980
94117
45519
63736
28561
63541
79756
37210
8030
94596
18107
35858
72653
40597
72155
29819
17767
57223
55354
47890
87741
18211
96697
57973
53708
88566
14619
95526
17842
74296
90415
77327
88103
23402
31767
85631
95771
68383
64437
93682
36074
75313
51985
55567
894
81940
15177
65195
69569
68808
19350
12620
4956
92968
36630
