15998
23889
76044
67352
25184
73359
97383
58496
47327
99980
51174
82298
96940
99860
29630
38855
54401
8326
9
51698
775
65354
43996
91254
73745
76012
87349
50028
81670
40501
9680
37557
22972
47077
13849
64896
94591
92431
78427
79288
69074
28080
42903
1101
55436
8013
57457
52222
68515
83720
99396
4960
33319
97982
71509
6702
55940
82081
74276
31437
98539
38061
87391
49146
82155
76329
70098
4370
66041
99004
32441
75805
32750
25194
12886
3544
50799
82153
93309
85982
17000
7812
58284
76211
94482
1131
48440
68493
86772
84501
62467
48127
51333
76563
41450
14083
46671
10098
26843
10403
22447
90701
9955
8963
93465
40205
45605
5391
20793
31006
22631
14397
73172
88591
99943
62111
32109
45541
26251
26151
58563
31452
76693
43703
248
44092
42165
71524
74188
11092
19832
95078
31751
32437
83807
15967
32214
98157
60426
51557
33677
53695
11539
45038
89163
5788
2648
61911
6203
96832
61456
74353
31895
49867
82078
77288
23047
3802
80547
71921
63494
59873
58446
34672
72741
30632
41807
6595
19433
39327
16009
44879
64624
46975
32037
52005
35409
66847
39267
4624
1057
51023
64012
11261
49042
91861
93187
31303
37334
65570
85209
84511
99649
92367
71328
67925
70828
3545
44535
89797
42710
81111
43172
12064
48357
82100
89697
38742
86922
48525
46157
52285
3779
45896
52802
28897
60474
71118
64230
94632
55498
10760
96283
36129
35073
4594
99410
50760
18305
98366
79389
74296
36705
60903
26017
97710
55505
60432
62922
62837
51003
29465
61304
41268
85380
46621
39928
81136
8113
89547
65741
77471
14151
21375
5485
3050
62859
23069
65576
12414
22792
37129
45155
81264
73454
1797
11491
42666
