56411
12890
1922
87386
79734
49784
32092
45289
71492
77757
42727
24014
27064
49541
77621
87183
52316
37706
47684
10707
92261
84559
48264
21761
58929
29945
99384
92902
8608
13246
12561
41717
98860
76309
15883
47048
22375
22221
47126
43429
72112
61946
64912
44637
31889
27530
92006
71278
80120
15861
28676
41703
65743
40179
15739
26283
5274
36167
61038
64111
34701
87449
43801
3870
34599
26690
13247
66589
13647
800
44463
31848
83914
53385
17169
62746
47766
99965
64402
58252
51431
35956
94282
35797
31579
72630
55846
33455
38843
49577
76791
53082
10160
16421
16087
70938
92064
52676
76627
83356
612
11893
47673
92726
13383
50287
8639
79243
84701
4195
13741
99630
46749
97770
70537
64862
77341
64989
63837
96400
62600
37060
83143
55115
6367
75046
19229
6892
70761
12767
97306
48265
952
24847
12266
56339
72474
49487
67598
56244
55128
64287
78188
44120
14991
6171
342
71497
41256
29196
21877
21266
58198
4762
71314
31461
69580
74847
91808
54423
12536
85655
26826
28777
27264
71668
77589
26658
60408
81870
99537
78648
87420
71223
53089
54382
19248
46092
95909
88759
71826
6567
83552
53049
65497
77777
94891
45324
23820
75446
14645
69601
17345
19761
58517
62624
59280
29222
41102
64745
71028
71758
81405
65436
93534
95661
70082
13269
1749
29503
24777
50767
37102
16209
93172
4585
74915
19981
97127
24165
98803
13965
69167
2445
51031
13104
75151
44369
67484
71210
69161
80555
65666
36309
4902
83844
32624
85798
28354
30543
60785
70683
49207
54194
90863
46000
34500
35942
41738
37744
11033
90132
73813
25032
20738
47007
66798
39544
26542
97312
48184
97123
42746
86316
4279
43462
88639
33395
48935
79557
85301
71777
26713
22785
66434
26983
37514
4038
32516
93332
45954
72864
11830
53276
83110
15213
42978
70075
80315
74542
26083
41747
95512
80023
59830
74672
9382
95430
86525
63629
52823
72944
82991
55024
98975
55287
87840
98896
70228
49143
17320
51255
37566
64896
9490
52770
20922
7902
54467
74789
80529
99988
71589
34091
66640
9544
3504
5563
55556
85207
3380
12631
43347
15305
15780
2366
36922
25439
66146
11985
91455
65481
73764
26739
45682
84468
95520
46441
71493
93601
14682
95713
75876
73968
56134
36974
34867
4667
52283
5297
42692
62271
52055
79252
75889
11701
17385
42897
75163
96256
79775
31023
8576
30686
55116
98700
42259
52353
40533
66550
9787
1592
93945
26931
72425
81478
86843
89120
3223
68884
5229
54230
7386
20354
86971
48841
51204
70424
90993
88811
41785
40955
30633
64910
59083
11772
15157
50342
33140
15050
86309
36460
7119
9703
90038
47007
76724
64536
24504
9956
36750
66070
31001
4879
5499
81826
79155
69018
18687
6678
5999
26450
70277
65014
51893
2513
27252
56421
530
98437
20105
53299
68516
39088
56503
59124
67876
29801
26807
86092
47472
54975
24494
75239
84564
23230
16506
98501
14868
31786
1080
89522
90617
98696
79733
81972
92726
90300
28718
61117
34486
63885
26695
32641
1221
64485
92229
38113
94903
33909
15209
53189
72888
67445
43817
78569
13232
91304
80652
85518
57746
85566
66081
65105
70979
53267
81468
70361
80322
9940
13583
32778
57112
9026
9506
1366
57468
40016
39854
76435
66851
61607
91067
77704
83939
68296
50644
11969
79427
32913
63556
89890
79809
4505
52111
21271
26239
82357
72143
53578
77098
50525
57546
14638
56937
21897
82316
99705
29887
39668
95014
86670
12860
61827
52355
76216
12550
42367
26755
1746
91008
53501
84438
21059
39636
22303
57334
77512
39234
8052
69665
77226
80613
9690
55218
50926
93630
79812
62171
81803
38304
45142
18178
34486
90967
39117
53685
60281
64597
60924
51114
45570
13723
84945
4503
52599
33184
56021
2954
85480
61249
46515
50055
74813
85957
73008
64989
35918
61132
41656
91811
81649
97267
538
89044
90382
44711
53801
16803
96655
98660
16899
59069
12243
91240
58895
29882
53218
55288
10751
72351
85658
25167
17941
12628
30919
88959
58754
59837
50834
92805
92457
85943
93680
67054
51523
46064
75803
19295
11771
76803
59807
63654
32889
13008
2122
83771
72508
42036
68774
82866
56032
42729
76483
52607
96928
48028
18253
72006
88117
11463
50525
72447
11004
2923
60844
97283
98229
76
74369
53333
29128
63721
54379
8239
29026
42646
95531
8616
97181
75416
86441
21631
86909
76252
5031
80519
65207
45268
81234
77839
89964
96719
23540
5549
40691
23924
81127
3078
28853
33051
70180
32028
88338
67016
60762
49109
47265
62181
59930
3076
77780
87994
84462
90870
71194
20044
21098
77979
17373
23631
7930
33262
27276
86409
91
10883
19892
92101
68711
50189
17927
72849
36776
81353
83710
39220
54381
90922
53786
24367
77786
23873
62310
97295
42041
35241
14073
65676
1903
17037
36280
52642
66762
11767
27320
25577
84342
8821
79073
6419
68175
58186
41774
2145
336
72718
56496
47874
78922
27139
12275
4298
67792
14229
20184
25643
73199
78413
76225
33874
7483
52019
56011
60416
49797
11485
19029
77923
50953
26200
13792
61009
6979
59793
36623
92417
88129
88769
24973
32037
93268
5075
69901
65384
59488
78515
72684
61856
53459
52789
25620
69648
6706
32735
25338
52093
29871
55700
19399
61707
33239
34398
93619
88243
66408
14775
44973
39395
18495
44949
84023
90738
6959
39151
48782
56926
12174
22672
13928
46628
17673
18230
28374
28059
33976
29927
62537
10990
55116
10578
12625
724
73701
36669
79648
32878
74433
94416
35436
58172
25134
10557
30516
61532
38432
24843
97306
30368
36285
2206
44015
74347
36214
60644
36812
72296
32913
9086
74204
29958
42849
21673
29207
48532
18999
35848
76041
58837
51634
2320
29074
77888
73873
81808
96550
45464
29065
29754
48820
81474
42707
19602
25380
38728
45949
28627
34810
58601
47072
65560
32727
41818
29105
20494
83198
27741
75409
6035
75700
90845
11743
4170
99200
47011
95502
38015
6611
38488
96369
87281
56545
65912
