73871
77702
96097
78457
44494
32648
96
12207
53964
2484
32913
4395
77954
25255
86334
7026
80090
72440
5753
18139
50758
68489
50753
4869
45331
3760
5604
87381
1464
89212
1118
5546
64905
41927
3840
82815
23017
70615
88940
68732
23132
19952
29917
12089
70586
38042
28579
51729
38879
37386
1547
79006
93791
75919
94974
95543
35927
99068
90624
79907
46463
69997
92184
32504
52667
60023
4976
64725
21361
52145
17330
78136
74772
93369
42034
41565
14175
51236
80875
17043
3678
5158
14273
83932
95398
80346
18566
87074
95397
11598
67352
34737
23156
30255
13031
92884
96393
28460
42292
13487
18312
40457
84501
86454
44538
98531
17398
85673
99158
67067
34137
56910
65947
35264
41118
29097
60704
2461
71614
3545
49954
5629
3440
71250
99357
94646
96910
60658
58070
97529
50450
81538
10549
23604
20890
67372
51728
67362
9932
82932
64417
81553
36658
43892
14906
61357
8710
15159
41871
8557
36681
68978
81842
5146
70764
79930
82813
46264
88434
46790
3527
26066
2797
3874
53657
80454
96837
34892
22170
810
69495
67695
41031
22650
87994
76506
27550
75648
22845
65277
49721
90462
42060
61183
77113
83258
32625
61662
53272
94727
83318
72868
33184
42028
34057
63010
98042
39283
43129
99308
12702
30288
79837
12336
71625
56395
10964
12788
26541
4557
32295
28748
27362
63715
8714
28885
60378
87410
98721
13585
39186
66839
2687
36223
53477
77785
46122
55766
37627
70798
6971
71806
42590
14758
29569
62987
13
23000
27236
76951
33321
35656
13927
73754
45900
98129
18024
30280
43898
54804
51361
46728
2896
43389
7280
55533
45241
96815
7956
58419
16960
4588
52494
63319
28447
88258
81895
69171
69142
71765
63856
55797
23703
83013
71907
83962
25693
31996
11337
18508
14589
118
6742
50198
5045
73229
13518
7904
76546
60513
73195
93676
89485
81888
94806
17547
24197
77655
61010
57948
87432
25941
14297
19170
60442
3832
25502
40449
81560
6103
63154
48565
82535
7883
98402
21744
59238
82555
65821
31982
25058
19106
40915
10485
99623
64479
96824
3630
50068
34361
51720
32763
23559
66541
92101
81108
46520
4438
43676
9378
44482
24791
35174
63831
3899
15400
42922
59336
49573
90394
94432
2409
28509
95529
64912
18499
12241
45309
99640
22868
41103
40061
68556
51395
33144
58673
42808
52318
71763
13905
68289
35122
87134
9776
36682
73222
96159
82079
98867
39253
54776
75903
15035
39494
97529
91495
26278
51721
4304
17133
64729
97105
51995
89909
19874
28616
48478
47764
99413
80532
96528
30687
84081
47940
95088
95477
49442
4182
96917
16613
4191
51401
53442
64446
8211
57529
3736
1009
54489
17628
2022
75589
67936
1976
66972
67991
57806
1599
51101
34795
8705
425
43187
67699
60912
51948
9148
47931
26225
64538
13154
92463
41492
6680
33992
32778
62700
60886
48448
66204
91661
77359
94649
80278
36112
47231
94934
67541
6836
20028
54586
1289
72191
89650
95743
8769
26435
72927
78759
79925
