45039
81328
9339
91220
51482
40999
63318
27055
88353
88999
23700
43878
12808
13504
15616
77027
81268
60503
4273
29529
27749
40593
46351
14303
26740
61418
51558
59160
35300
46118
18950
40468
9832
38527
92980
38991
63985
43005
23282
55031
64434
55459
78757
80139
87730
36166
16776
39870
87885
80825
42445
35035
27368
51651
82859
59683
16623
63602
4489
99409
19117
59433
98917
71423
77478
65237
13857
11810
92596
24701
45866
39599
64989
7960
8231
24737
7053
92280
85115
48947
12917
77028
90870
4999
71616
93987
9694
89545
54446
62004
51349
35118
48143
87675
32008
94614
22269
43894
16148
62160
43158
20749
81429
32285
75509
90664
87212
62572
49196
38810
96908
86565
72544
72539
41633
84161
47169
2100
91965
12502
2373
10835
44288
62865
1824
88447
6148
7548
91585
87845
68899
83551
93356
30608
14309
64930
22671
3768
57897
48881
73828
65873
68719
15288
54114
28964
32512
54573
56160
28122
16635
85806
40008
59669
62557
16831
43731
49561
86412
79030
65158
81671
97408
69522
43433
50891
67919
94469
41504
58635
2035
35570
51784
26400
59354
33457
37423
39361
92073
56208
44144
8794
50286
3220
67754
46556
18433
1821
19261
40238
83765
94759
66592
99361
8609
98604
29505
59585
72326
56775
24922
97191
84637
91668
4044
75147
11583
77140
44827
92311
86127
53484
83590
6167
44743
33964
12513
30092
81406
18349
15057
73376
65299
81908
58275
13236
81177
52467
87209
1526
38047
53199
32050
51982
41595
54044
29957
7926
79250
55620
87162
91978
16198
89542
20117
18581
90909
26875
46720
29291
6506
45524
31427
88021
40890
9216
37603
62503
35165
56234
10644
25742
14350
97118
42428
37797
73153
10604
97350
22758
96041
47781
56736
96125
17475
66307
43441
18200
38690
47397
24186
18747
19255
70711
51080
12081
9597
15120
32947
63485
68255
2933
43415
40397
17287
40347
36300
16656
79395
95529
1764
1374
11381
68508
52608
32150
61592
79589
22959
38693
63243
1805
14820
66210
13563
40504
723
26999
9521
62343
35529
63129
468
32824
68741
21496
91293
79688
73622
28946
17942
96856
40402
78050
68013
77741
30928
76343
38779
81873
96962
75007
64619
88600
86963
74498
44617
58493
45465
61738
84009
55114
47383
83264
23857
98742
93298
70002
44292
25097
11726
96048
72844
81755
55204
8663
79395
57659
24034
78469
64958
81900
44735
82346
64663
89961
72249
82175
69301
22568
25133
74257
16730
79069
48882
10006
91465
35381
33907
6368
28946
13411
23591
23695
43803
46744
21455
18272
50668
85355
68267
18755
49975
4632
81465
54539
51779
57668
96331
54111
59604
9023
90692
94989
12024
7554
62223
86494
93040
12696
14299
49957
33881
36505
5719
11408
46582
20178
58342
41377
97564
89984
543
8311
88889
38970
17796
50661
8482
2607
8477
94308
18264
59717
13393
72292
66134
96032
56480
89149
90138
62435
62847
81157
35533
29489
17424
75258
1041
89676
50462
9886
94406
54463
27154
21955
85465
96791
5717
51996
3177
33451
42435
83219
49175
70749
79560
25
81833
24633
79450
70776
1499
5146
54962
57572
27268
56972
62568
64112
46720
81836
40330
19292
67231
34347
48760
74476
11305
41489
20159
34548
62828
27871
8881
39216
11780
47725
