48945
99749
58979
21868
53080
71237
35926
71333
6932
99931
52372
3294
33048
89265
5136
53990
87788
4203
75880
44603
44386
10112
58143
35010
52631
46503
54744
79830
86337
20077
73713
21277
31995
56130
93114
87477
25834
90484
62128
48718
86123
34420
92091
99249
4284
67572
58400
76798
60035
45105
81699
33140
55103
26158
78750
33224
70121
51254
14646
95001
14342
55683
29888
87226
2668
77212
22960
8238
5614
70232
30905
46514
13990
45314
56582
33332
86143
693
29075
95458
48796
93158
35273
15517
66311
75169
24020
31501
21818
72268
77603
33197
73188
87208
83292
6438
60152
70965
18905
54298
48024
20501
66787
47095
38682
94089
47337
90540
92788
42935
49149
21143
25737
11725
31499
37244
21328
75039
25239
22739
3325
85645
27762
8824
90446
21504
89432
20070
77940
86643
10410
28157
58428
89838
62179
13439
88217
28653
16345
1019
12720
85407
53585
3073
30528
20266
79935
52405
43915
14220
6873
42910
99046
90141
61431
79678
87289
25648
29258
24955
29299
80888
52406
93724
72525
23911
19917
11536
67129
48466
56265
89319
32679
95408
37925
10052
2931
42017
70296
58250
73263
9867
18000
87892
32265
98944
81351
86753
69016
76380
76965
14476
50440
31498
69073
37433
61376
25957
18133
36972
98892
21948
59725
89268
41260
58543
62635
2596
19736
53878
20843
65
79854
4161
7886
38103
93562
36410
51125
96007
71873
30343
72892
2939
79433
44427
96688
99483
97032
40780
6542
76855
88680
65295
60634
49956
43380
14431
53593
55716
11042
461
45803
33406
47453
89682
3912
54796
62349
79695
13270
36723
4197
26133
8740
49518
29034
90209
40327
4419
46395
6015
94222
41335
46368
18863
8131
25597
7283
44197
51201
25129
68805
73866
58509
56611
34095
87424
86482
36983
77815
76419
125
94666
78459
78219
52466
16647
20797
31726
96936
63734
92970
94243
68808
30446
64456
52256
8093
70946
6044
69797
2808
64119
30966
57617
93572
2582
17434
39410
13440
13532
33803
21691
79454
98062
35733
47949
85496
64458
83927
36120
23082
43225
1324
73307
90831
5153
7189
70759
64571
6135
55140
19585
40242
30994
43367
91047
44644
66234
86383
72170
25126
30494
55805
9273
38190
42021
93768
41022
45035
74013
35533
76162
85406
16816
93075
57483
50297
91828
87289
12102
17714
52481
46399
91264
96867
30845
80910
43118
43234
56627
82533
3756
51768
57251
69185
80482
51809
42258
7624
85827
80575
44930
7378
79279
59546
21629
180
58617
18520
92811
35658
30114
5525
88643
12608
79172
29887
2621
42718
73995
98385
3014
38798
58109
46794
4237
459
8859
44681
25370
50120
48927
64552
68990
19449
69829
75282
99526
13410
13638
93025
28521
76923
3296
65496
59521
84732
849
80282
34838
28555
75234
79302
52854
82303
39297
26256
8545
2511
51750
15932
30176
57693
18839
66265
61781
18264
42663
42840
87054
71634
75577
5000
54835
65248
44738
29264
7391
34503
53356
37992
44844
20073
61239
26132
89159
87339
78523
17821
16642
12866
4968
25454
63848
26874
10606
65480
88555
27395
26169
61922
77401
99128
17428
21697
26477
75053
87918
59024
88482
40436
17913
46620
23203
92364
24879
52751
5213
59847
26543
28455
49430
1303
20582
43538
3702
78068
83945
27400
13539
48268
13086
42692
14412
67335
48571
91264
2971
84694
41126
89549
93549
53688
14427
44204
19614
30345
60716
28652
18749
66311
49667
