55306
2921
88419
5062
89228
93913
56482
44284
10081
63660
24244
89443
24120
6133
726
83959
85725
94851
84014
11713
16471
45877
40909
74881
34778
17197
36133
66606
21417
45757
52904
84020
78348
63198
79448
93884
63401
19904
65968
81513
75970
52316
6190
1342
40844
57413
42875
89790
5959
91484
31737
48875
15934
65539
88296
52368
19773
77673
51380
50970
7722
3588
53823
19361
74978
71581
49542
25540
14929
69541
18707
32658
6572
19110
34655
23909
32751
31124
5057
85001
9806
89122
88
94267
37370
38800
43761
29260
9299
68450
31253
8069
71076
25677
19409
70052
703
90506
69347
76036
64662
64685
23071
30235
23251
65263
14428
19004
33781
20422
18813
64957
85096
62967
14687
6164
80863
46946
82940
96410
87632
58364
78938
33649
60588
83898
54740
49410
7577
20617
72866
81151
48590
97274
95911
43687
17291
66650
38711
71463
77523
76480
31555
18750
72231
55296
611
38777
16448
24189
59582
80477
14216
25979
91545
79684
37333
93169
71290
73982
85027
25341
1559
96280
29261
73778
67744
31834
73416
16205
61798
46475
20796
29669
85126
86447
16608
57121
98870
38576
4113
59107
52907
34490
63758
96930
37509
54944
47987
5461
58263
34813
66544
45355
72375
3061
36230
72600
47678
61722
72925
38826
74844
76362
59077
44698
71643
94293
8743
3485
32462
47612
35750
59834
82103
85845
2392
20918
73426
37227
61211
74091
29153
37698
17014
4503
62484
39193
70445
38033
13812
99208
50976
18742
57389
58857
77473
43969
33590
35475
61488
27354
52478
93409
73589
95877
44245
23185
5240
84891
72948
56648
77792
42678
56426
23442
71431
18181
85252
73160
52119
36224
28791
82314
37251
32085
95501
68428
46372
15840
90250
48974
22127
92538
53914
69506
6799
20040
88538
38834
8164
469
80639
35866
36247
88026
81446
91697
19672
98841
82905
69445
81591
82281
46235
99012
96060
24619
79441
40727
68995
58395
77580
74793
86967
5346
87895
69861
90122
52520
30329
13885
37390
58375
94248
76231
12307
36731
94283
55746
42654
11126
23017
534
14754
78448
62451
47770
51709
12923
49707
75759
2546
73524
26992
74569
89182
83253
39815
28365
17017
75912
66855
55062
36843
9942
70049
26002
77385
86654
90635
82633
43595
24129
50055
61982
45803
7065
71604
37134
33435
63434
88017
46870
69635
65713
95945
28561
83478
89721
