99496
48874
22560
29443
77729
81309
35394
29854
10665
78711
96461
90764
96829
95791
64102
21250
62090
93512
64518
33492
68420
32836
24618
48159
63999
44534
4630
50275
51150
7157
50246
93512
36438
59276
24883
38593
33934
40334
93183
19278
92661
37767
77341
99323
85199
53069
5759
71238
3645
22069
12606
63166
34137
2627
28704
75399
34219
79545
39689
2266
78347
56432
65312
21480
19860
39173
27676
2111
91392
3306
24620
40742
47173
12125
48928
44994
83468
67510
1111
76059
90283
64410
27589
36761
95902
53613
5729
86536
77542
55492
54697
85210
45821
60536
18130
52075
15733
40087
96719
55872
46573
38420
9053
12041
91471
90367
90090
74597
91465
88143
86208
91941
59974
26395
