45084
98311
86523
78951
98711
468
61522
8964
69207
53016
83596
84451
5300
22626
1691
79301
86119
29643
40037
75444
74605
67256
24664
60529
97147
74203
17700
79145
92030
45368
77690
54790
95373
92101
82335
91009
91374
88555
48140
35573
83489
78698
72134
93808
81229
6745
3861
11555
71205
58250
68419
96024
15159
35627
70034
32642
88145
19465
94394
9840
48144
49583
33919
19068
13606
54253
42699
12320
56583
5108
25773
8520
62480
69821
84653
4930
19253
25065
78410
87826
80774
42307
28499
65986
3645
19298
82590
53495
97702
70539
39752
36479
72811
69043
16458
97542
84443
75041
85748
32871
85207
69362
61480
29439
24441
95862
77014
670
64961
33528
85200
72727
64541
41052
50313
89655
14740
29216
77646
17650
36111
37093
57505
44440
26596
11431
46414
39015
93665
31911
8493
41050
10993
28106
12691
35807
60046
43738
74164
62151
74116
33962
47897
65718
62974
77175
43705
65242
47471
57130
75032
29176
23518
26234
20985
63330
72015
26287
35361
75460
52490
12001
54506
91838
77995
31999
69024
4524
60325
67467
99548
99585
64979
11842
39674
2803
35837
73274
4537
10735
33955
49220
56622
53709
3497
27280
66181
44286
93855
81392
40790
37090
42220
10549
41600
82454
84247
87253
70116
24394
93137
43503
41793
76945
36738
4997
3943
75153
18446
98599
92058
8411
26116
56817
21733
79508
8771
80650
42040
67474
29481
71821
82240
93634
6554
81573
60514
60934
74345
30162
73972
93789
98950
52168
20631
39610
36132
24950
90324
26614
39910
40900
44434
31168
5989
31829
94769
87187
84448
67052
51047
5217
45281
7275
19669
10827
76808
13495
4677
93106
91926
24151
66722
1672
71640
83003
73747
48448
55598
7322
21877
19076
69079
88563
96244
49124
90363
31957
32614
61132
47061
49978
28805
17199
19322
95598
74247
27424
44810
22446
1788
44255
81042
45099
75747
52048
40348
27853
59208
20647
12308
404
61214
94976
40727
54202
3317
74635
22522
36021
18872
46084
72180
73080
12007
84960
92169
20921
29644
34852
39765
39693
90939
53776
14737
9296
89610
71769
1764
3521
31659
75092
93321
1033
42467
38477
74841
10428
360
67447
63989
21912
21371
7039
28531
58026
98239
23737
36482
54481
75734
93756
47131
98522
88983
8169
88870
38730
14061
76230
55366
58394
63023
17194
97986
73916
51191
1073
25201
30588
16866
10990
85953
18178
71107
87136
9860
57236
57700
55613
94776
21689
49146
51276
84306
98872
16899
72431
24902
67134
18495
38557
5429
75934
22504
13805
30099
89330
39312
62350
57555
61824
44054
34324
93394
52825
39044
38060
82493
41691
5927
58129
72448
40245
48940
13463
20205
87786
99060
38021
58052
50639
67540
12896
49637
47663
2987
5698
34479
58735
82336
49513
36948
33899
90904
21579
52667
59390
50705
26407
75921
78209
28446
39607
13422
45323
32768
195
13280
1270
22493
27343
65238
21090
14175
46740
14346
90195
19307
93771
21675
72406
77277
30437
95590
33057
42173
14233
31665
14839
80384
99989
92853
72619
48189
91829
12821
34844
22761
8050
31807
5599
1746
33041
27437
9371
5013
16540
49400
99053
73053
30126
49659
2283
48249
79944
13663
99078
40088
37345
61672
98248
66787
28218
9467
69693
28471
51183
16042
89263
73661
35561
56126
32745
72936
79216
68320
60445
67243
95742
31236
15713
38292
50159
28242
72243
56297
52308
73106
16285
17085
18631
11795
15893
42895
18777
64313
37211
86048
22695
69313
54821
1615
1963
14098
66200
89618
2991
74465
36652
42323
84476
25536
44018
44645
89392
64133
30066
20673
96174
64595
29644
50337
78672
34151
16320
70904
44855
70113
37610
90669
92419
5709
57925
24274
95614
49453
53616
17029
5170
93733
61773
30274
38971
12898
16294
52355
12407
96008
13867
26101
88282
14678
38454
36504
83135
23512
68048
73139
10296
12329
85644
89169
22822
19139
46513
77916
79428
37829
67957
11796
55838
80639
86052
35436
24255
35677
8832
39170
8264
68334
27778
41497
64316
98800
64191
6517
33432
62169
96423
84402
12736
56164
9990
16064
85588
2711
95245
49631
46114
88525
66539
30836
52694
70820
12116
20933
55884
9733
19652
93687
47077
46156
57373
90081
32087
60019
30539
22220
99263
79263
64873
85833
10067
5734
17213
16111
8242
29788
55934
80880
61244
8409
62102
62199
1630
