2201
51998
4710
41241
67208
7494
95078
68417
76411
29224
73172
95589
98509
74001
90230
36190
49052
91909
3646
7420
38779
33476
62311
88284
58502
45431
38936
90374
5009
15389
61926
48229
33401
20717
20919
26595
3740
9127
50656
46785
52964
95259
37071
29584
98366
65141
99333
95599
96169
4900
46203
2913
11146
11974
90245
8106
28348
73426
82836
9222
81925
98625
68950
65030
4740
21241
80056
60648
38375
25080
18987
87729
93113
50233
98116
45834
7607
79174
23902
40276
43044
91739
42234
59466
48338
1906
38566
71506
43937
9233
74492
96671
87461
69004
78945
47654
60831
4087
86126
6522
79886
47437
76715
83174
38462
14838
53623
89575
7134
79832
69829
87108
4847
15261
41184
95850
31929
98269
47886
99304
34232
94152
72851
38884
82547
70386
42829
70361
11021
3515
40924
99694
48852
73562
6180
67091
8439
51686
60235
48026
55605
12896
49053
66128
87600
77344
98320
18647
78753
92442
84225
25537
3717
90220
3357
4331
50420
44872
92796
66708
73714
42873
17287
77208
35647
36979
41114
31053
62057
32924
3461
33721
56641
80784
6956
15886
67115
40438
5551
38596
24302
98173
71268
29841
62860
96369
79199
70183
72364
256
12051
36042
25395
49604
37651
91148
26449
74925
69970
34375
1719
98572
73384
94775
78566
41790
53525
56337
61794
18995
89664
54692
57638
5274
2105
4523
55186
11755
19773
42795
90431
23984
3127
21711
32658
31185
72707
93470
69935
8987
91534
68918
73477
67532
28633
92039
95559
19805
4284
4366
24763
29772
10376
35276
37067
46245
39589
59779
37241
18893
10074
52461
49904
27563
14858
77656
21653
97203
78075
19554
22684
44177
62771
69421
29463
21070
1115
68606
34186
75169
61477
64952
93369
13909
7562
83217
71810
72371
81708
81837
4232
46668
39066
91295
97924
6661
658
61433
46880
87648
51072
65131
55390
30147
64357
92960
54066
71687
56307
20785
57681
82238
50293
86980
27201
66946
50187
30789
33487
44630
11794
47487
37728
87740
64514
59990
76319
46131
17202
77252
79157
85705
60086
74511
54135
42725
60328
64068
30265
89994
61605
28722
88321
37257
1006
23621
85238
6022
67118
69597
35478
32196
84828
22346
60679
30416
22198
59590
37893
73415
72653
49232
94842
49349
75808
89472
31532
94891
38945
3436
91729
16972
8339
52022
18493
87412
98741
57359
75164
32438
12344
91949
9403
11280
96684
84708
85568
41149
10649
21059
24218
75127
49897
26414
35154
27430
26019
94996
49281
49834
84146
38636
31420
81409
9156
70545
57963
92085
79150
82423
27351
76677
95725
1864
12993
71566
20295
12992
20815
14326
73104
30817
83233
96597
42825
16116
95682
32929
17634
5533
52474
45204
60928
65721
24896
20956
99994
43031
22669
88927
44541
99024
53580
24328
66384
55780
69677
70162
79473
86195
30072
7280
34846
48788
48351
17175
85872
71061
42605
11401
18786
17296
64378
23231
45775
60135
13888
42962
82841
37948
90536
22950
40390
17839
99613
24467
41509
69108
59683
11377
53167
95120
24608
87871
6952
84048
39128
77680
14852
82822
86135
3059
20742
1089
40135
37438
56548
22152
39169
37975
40391
2292
33408
49630
19598
39815
33457
11641
75217
87084
4486
92253
84675
33899
21162
22007
10833
46633
43568
18197
19144
63642
17156
51
45395
42917
53890
46981
43777
67859
11685
49374
93349
55442
65048
99131
99831
48108
58281
79503
36344
25247
4668
39340
21299
85945
81947
71851
3774
9778
1866
49784
57888
71046
68376
44541
99884
8781
55538
3944
30476
43961
54994
28380
7641
31660
67158
83730
59558
42643
62923
46025
93597
84898
89351
92977
26241
6541
89301
99376
74323
30081
90027
1934
18480
66109
85848
9412
74902
10096
30074
32028
47943
33424
49484
96132
66279
67764
45916
13525
27168
17615
46106
8731
78821
92906
49868
35648
20947
1756
67902
17081
53138
10792
55863
73132
90011
18291
45127
1532
75669
22209
77501
29011
20088
19532
82485
25740
40178
57695
1135
6298
41479
50805
78234
40568
53843
47305
70542
82317
97803
16569
43514
40283
83010
6684
69330
38917
62663
9341
24970
45755
43756
89076
75232
7779
7265
26303
51123
78566
87167
13890
25938
7540
38049
84888
71504
6612
73676
3604
9107
33068
97871
55801
27275
39402
82309
90290
43488
30349
54615
14575
92964
93363
13471
99292
99399
66783
53352
13568
50921
78726
2769
17551
811
51799
8752
36908
69342
23301
71539
70655
23293
20434
28161
81551
25847
77465
67615
90524
18852
37272
19631
88891
66937
78553
77331
28143
73942
62587
74095
33920
69980
9121
66477
39259
38300
68791
19866
99750
27819
5789
21997
41566
50833
33490
40167
23311
9793
76541
40853
61871
69315
45498
63923
40855
21005
13824
65964
3839
15088
28203
28572
62581
87151
78379
70614
32122
18314
47176
17889
6361
32728
74192
58621
88901
