51226
76227
99127
54971
99696
85632
10102
20877
94216
76203
87805
16166
44585
96771
18044
18133
61552
18780
62736
37401
10096
93863
97362
8012
57027
63817
83168
27421
42187
61421
25094
84469
81673
81366
12937
22588
49049
67437
7760
14740
16072
59353
61327
79458
6740
28556
93265
5645
76542
89497
4705
56287
85902
93796
24629
47752
19908
44434
72440
78562
11542
35936
72882
30288
57003
90639
90518
87103
89522
65372
51081
95630
61408
590
94794
11754
81860
7529
50338
57938
49737
66271
24648
20730
16327
82982
25041
23914
46790
77829
31059
79590
92529
97415
78549
9257
67603
31634
53557
60010
31792
2034
49461
60737
80962
67407
32099
51811
23119
94653
22979
94472
79171
88689
45691
13166
80560
4817
8858
38806
36478
81668
7814
39724
75664
7817
65986
93893
18261
92004
15672
45441
77992
14675
57672
41135
14757
70718
81229
89136
57895
13197
50504
86163
26947
58835
7180
71296
5275
89736
55045
52465
96096
38869
54405
13177
89479
27177
67789
94376
49254
53864
14996
62087
17708
8546
40631
47742
47194
65154
11261
41494
1826
61309
6374
47672
41658
21674
97615
95603
33501
41553
55301
68349
69822
12540
22436
99793
25130
78794
12586
33783
41177
57506
59325
49761
18065
11685
37493
32209
72247
12220
37319
66968
7730
18096
70639
31033
53726
12953
22010
53932
15082
65326
10093
37599
50511
92827
99158
36695
90701
78833
59885
93684
92515
68951
60262
45810
88074
94974
50550
39180
92303
17362
24638
85115
684
12076
73657
60571
16258
98212
45503
50735
87605
80484
40531
60155
93988
57752
51472
66159
67843
64610
62634
43012
99191
74922
12644
95231
86125
79186
90062
4306
12631
95303
27768
61602
33508
64883
34647
3747
31387
77424
20466
27967
91508
8183
70475
20789
52723
14998
59621
59902
96226
38240
42710
2700
41449
67199
28362
65227
87277
89060
56465
81993
69506
60223
97926
89362
42862
50186
36925
17875
56732
31679
37033
47008
77530
92970
24487
36466
93936
90394
39018
54184
11260
41681
57636
24398
3534
68858
17357
58875
26397
61658
45811
49716
19365
13407
12927
49582
96830
7733
30687
79953
33818
19159
93590
18584
15642
84227
81564
75092
35181
99238
55539
74032
75047
47127
53191
59696
67994
19072
88417
51474
64627
50806
10825
7479
79859
17354
20533
98139
4744
58135
25298
28831
43784
27612
90701
48296
63626
66372
39039
1952
68161
78784
92467
19227
13429
64343
52533
74228
61023
97908
97145
7765
53697
55005
92357
23030
30048
87492
40861
37532
87680
56438
89001
21315
15866
12592
92164
44630
67932
99794
37923
93755
63517
54508
96447
4812
77083
24981
63906
17696
37843
26042
81034
40072
52509
4947
93885
86677
80737
70353
98570
77782
27546
93588
7319
84255
68837
73977
11373
77158
26085
28784
45596
35079
16695
236
73195
63368
25069
54900
28640
24310
86410
22710
41704
12718
8857
9083
88036
97400
20298
53814
61265
66477
93193
40470
65234
49753
36028
34586
83068
15451
97722
96420
67230
96906
54659
1254
15050
52754
34303
39833
18564
52796
85623
38573
14247
3723
97194
60699
20878
56674
46989
16630
78758
42372
79715
37951
35213
98931
70484
89784
56614
98074
93517
46576
98205
13894
69203
74781
25457
25615
15141
60808
40995
36692
85646
44930
98202
65604
50468
82901
62704
93593
27712
24501
24764
56255
22874
94901
11036
76243
88416
28373
11135
67814
12755
98297
70669
61985
94782
93430
91636
53410
32755
22917
93136
77988
73540
65146
46709
72381
31643
20654
38332
66881
74071
32728
8648
82659
94019
68698
41812
75868
7252
6231
8539
20644
42431
7299
93923
81917
29269
69811
41606
79504
71101
37492
89471
111
93708
82551
29870
2169
52131
38025
24040
61724
30404
35393
55006
84372
53778
49939
99207
16881
20101
56642
48269
69976
72295
32530
34225
23200
48302
56698
78332
43132
53622
48568
7748
9656
6491
33951
41815
5981
62607
9644
54823
81743
30078
55735
86001
47669
4476
33412
75691
41464
52230
6200
32906
91940
2238
8105
26797
15757
78909
26575
106
16075
84532
96406
73363
84773
65091
85269
98341
10220
37909
86553
16524
68478
27254
81147
57078
55883
13907
24080
17875
14452
84780
74591
46181
84079
69400
69357
58058
43783
35893
34036
98051
10209
3433
72466
95041
39577
83483
74558
60011
39978
52552
72629
62766
34253
82466
39379
26241
82745
74315
12989
7219
67945
93194
65466
11028
25179
63848
98722
80061
32820
48330
22991
