49416
95159
28282
60453
99603
82631
78079
39713
33842
19216
81854
43474
38887
62487
40323
26446
69379
67843
97524
41487
69353
60112
39978
63938
41362
11821
88828
77551
92489
38131
58678
2400
49942
67938
25033
85265
53784
13625
73724
89970
87371
94577
26048
96731
66762
24280
78497
67597
2094
78213
58328
60769
26196
33340
35325
87759
69980
80800
62970
12253
24429
39856
49627
37378
46071
52192
25762
63030
8081
80245
94774
45272
2080
70044
81947
25051
86617
40647
30430
57454
67517
94341
30311
5447
63299
20957
41232
32395
89364
70663
86613
16636
33008
20391
72001
14752
87982
95015
29256
16681
42720
93712
31796
91879
149
74212
60086
34598
91159
26587
6206
45989
4181
46679
85286
68725
53052
99302
53160
30729
60286
7509
68848
81632
90196
97932
89453
85229
62879
64649
64352
60671
67466
81052
57783
36242
83020
75452
11732
68401
65898
65381
55877
4709
18585
46095
74937
41087
60865
64012
83784
38814
94429
23869
8305
68382
63166
63665
66145
70397
17327
81436
62095
51691
7188
77520
60133
93229
49516
97434
96856
36590
88597
66011
12760
37315
6222
95585
96547
35289
87352
51138
84661
13438
30741
27285
74298
94152
93427
5581
33827
13318
61474
3922
79415
46977
32320
39229
50977
30318
96695
67088
30279
80563
39900
63345
48666
63859
37976
58881
28329
87960
75363
49404
98929
24124
63564
19407
96816
84724
96405
47857
25399
38938
91323
40896
52636
26485
79828
95833
65007
55495
12593
47540
20133
45587
27331
55769
4912
3881
55610
46019
80
81519
43848
54223
72418
23149
48003
89216
74454
95445
37770
94835
447
18990
76543
34938
612
26428
2706
68696
2963
97613
27807
38072
11541
74754
34926
34666
669
49400
1816
35674
84377
62834
57641
78254
14027
48101
73441
9597
40242
2527
15732
23271
8353
81301
99025
88244
41329
51144
9984
16525
78962
75731
80965
75409
77341
91252
18945
31189
49797
67700
73815
83644
72171
80309
71244
89262
81809
86231
81575
75320
12710
8294
52793
46464
59712
34276
24278
27266
43688
96335
35265
77324
11599
82926
92102
2035
97663
71165
67584
60560
73260
63155
9627
86331
36201
48524
24883
37218
16438
51224
36252
24262
37559
18559
73339
44914
82496
57807
74513
76920
23565
36163
77528
21450
37134
20722
13446
52178
84672
86354
31919
30831
69078
36135
52615
75660
95158
36971
83748
92350
18624
72699
88770
85563
30921
1244
61760
34257
90310
58409
65383
20778
75044
34298
74251
2874
1044
17170
42826
55778
45219
3269
28402
30917
77864
48132
12223
7363
49335
82567
76674
35959
