3162
19675
34318
13819
45729
30775
74618
14276
50672
28559
58830
60282
15674
44313
61021
51299
6722
27916
59091
67962
96281
78800
97602
57812
39029
73973
65931
75261
44042
12768
75654
89537
34695
74624
28365
55878
60912
20095
60075
37622
14356
84948
36476
59131
65354
64053
65473
36451
92813
19497
8836
32419
40145
85723
77826
57112
77216
1355
73081
97928
41942
62079
21327
43975
90677
25975
3612
47638
76710
95454
13398
12998
8269
4828
90711
5658
93095
28840
60685
13161
17475
73019
71774
9379
44794
83712
10773
60619
43084
86247
76653
60163
25945
93305
95769
64742
55704
87589
83822
36174
47255
33081
65454
74485
85168
41389
48402
33209
22597
76761
38227
39545
18488
1222
16917
35420
96905
56610
76848
54545
31372
5901
25212
21680
89734
52945
7928
65663
43684
10030
55223
17745
40184
67475
39144
25386
8849
88425
41473
22493
51574
15465
44775
24086
74079
28622
24733
18707
82673
6501
37414
87981
37683
36609
53816
79829
28561
49035
20351
75161
80461
46518
55243
89989
69404
42512
57624
92870
80292
67477
50296
11115
44624
62494
2687
32004
96782
88567
36906
98220
26918
68525
44908
70819
64375
28038
2551
27476
28975
89259
14692
41654
35238
20320
60575
20941
17816
58133
7793
84496
573
2805
92875
33381
62503
34875
97709
10697
59576
16548
94576
72492
64125
24895
57110
73368
54250
48897
69996
95730
63987
73846
95256
65434
71557
57426
1925
87405
97471
7269
55593
35562
52624
27916
17999
21521
18702
29828
42949
27014
34512
90394
72292
37781
30409
49246
92375
56912
44834
24374
39691
14516
57522
66831
56082
9514
79772
6190
63635
1225
36165
92004
14673
23736
38001
51008
25942
73649
10809
54750
24445
21729
61739
32125
4217
50477
3775
66542
74564
40558
66801
30441
88712
25277
72543
3866
33220
33161
80032
22264
26332
55845
64991
64566
14048
74527
30612
84659
74902
15851
59037
99244
90278
43134
96414
23985
4163
78806
18130
55892
35281
48087
28396
59805
54775
9648
31983
29339
40675
75484
72166
20374
27156
6053
68800
96608
24776
1315
52748
30666
86050
31009
3181
5490
6839
12288
24379
4377
92342
62421
7350
41875
71218
9326
78599
97560
69101
70259
30644
53687
40610
76167
25248
11498
81263
90029
50205
55077
63613
1639
84431
32904
32430
63513
75934
98900
38498
87532
82775
76090
54310
30479
4864
57711
75162
55992
70742
82940
13212
45736
32741
89073
44374
13549
12195
6905
68065
48097
43913
61097
41237
24527
78703
1683
22702
76245
98147
96983
98204
9701
20486
78072
35559
42054
9763
64236
93181
57592
25005
84558
41498
77845
74867
39854
18867
79858
16739
54759
47935
32837
59065
17073
38370
90304
10241
20589
90743
65211
85041
82270
17721
77424
96220
71383
19246
68704
22900
58959
15217
98963
56767
39729
96890
59997
20021
20464
3596
55547
3667
29112
27291
86973
4607
85984
24600
32382
46265
10363
94555
61038
90714
2509
7020
72305
63596
33979
8750
15712
65862
39035
62920
1645
67362
94699
21232
25315
2588
60797
18614
73612
94153
51472
68619
41549
79154
87962
90637
28012
85356
40673
4688
20818
49141
49385
35210
30538
13996
26279
40538
87369
22765
23508
61846
1352
55401
58014
78897
79597
57086
40888
13957
64776
20696
32050
16162
83769
40099
16355
86771
12655
49388
66210
83721
55882
33331
50037
31430
80770
4527
27200
1864
5409
12094
25695
74417
67403
4967
52911
91439
8414
5166
94854
13740
92660
38099
72515
33844
28773
6408
89312
43966
87082
12557
59748
24442
2748
29226
20757
90933
44731
78344
91914
80652
22410
14060
72255
51819
82008
76145
2978
83616
12762
73537
11434
81632
18867
63120
45031
9813
91893
22421
66132
52100
73505
48933
38697
44503
58923
62350
15245
84779
4121
909
49257
36568
88362
31788
3224
30328
10579
8892
29402
9622
84261
57578
3784
64629
27242
53793
