51741
14290
68858
55223
94327
15265
36576
97206
53290
24744
60376
52852
44138
31537
85933
55548
13700
22524
47857
32416
84484
42466
98002
50714
5175
71143
46124
29629
32427
95605
89944
35709
76243
9563
77761
54680
47047
34658
7991
71327
98920
33511
84893
65317
32000
82777
24893
25411
10248
84465
94875
96230
48387
1193
97318
72022
38472
56219
19275
81187
18813
15031
11972
76430
48862
23520
95630
75601
25821
89283
86328
66252
23108
82773
31831
31405
10550
29545
94742
45403
25075
67370
89771
52639
76282
37947
21701
37936
3945
61737
62017
96474
95871
2985
72188
24970
75363
82419
58979
42296
38878
31259
70726
47185
91586
34664
71467
18303
22702
84306
33502
89080
77130
66909
60646
47040
44525
25581
41203
91484
36318
12772
6996
84948
24631
69791
65477
5444
49765
3914
63525
80639
96236
61147
29541
92833
62472
65266
56476
57167
93902
95402
59832
50317
3696
92252
40176
50844
27776
76401
27124
68589
93164
22562
54182
37607
23783
40238
43874
49969
34249
50327
48535
44476
62444
64697
18650
85776
14007
88104
37968
80114
8984
72453
25641
30895
73930
5980
2060
26183
77879
95230
34893
96536
59478
73014
74972
34630
28469
71369
35127
44932
41778
65167
2591
99682
60579
30569
53672
45364
10486
21790
20137
28634
75762
39222
37940
86257
92380
87313
58976
21077
41270
71781
95425
89521
43105
81363
58521
60773
59524
34053
3304
82451
63269
52934
91071
71238
91347
56286
54035
79551
29926
80136
23052
98525
2687
53873
24477
83848
16073
54831
51278
96634
95105
12060
71252
17707
70129
21838
69827
93592
63255
61781
25978
17328
77349
9456
72348
27834
68866
86124
26495
48453
46286
88186
51357
52462
30530
75
90632
79368
79829
63466
78971
64587
20028
41783
99115
91611
89353
96988
86524
15764
72372
32429
93328
94607
57495
95521
66522
84212
69650
20871
89681
95900
91664
583
52864
74753
14625
49271
99962
25732
550
15702
40778
42395
77195
1641
48265
18101
93102
64015
61897
54955
6622
51842
60302
80741
12702
59149
65693
37254
67465
94116
34316
92694
71152
98693
35896
55370
40991
93802
62358
85489
73373
57735
2017
36925
20050
61766
85362
24556
14403
30908
50254
93075
10936
99303
20697
85478
54463
70343
11240
36166
46794
34871
42708
64231
24979
59239
23690
36285
9375
32950
49632
6755
81408
42673
16738
76519
10357
62626
34954
1813
36716
54743
74862
37663
33288
62257
48756
99942
35646
37189
98176
41127
2168
13075
11213
64421
77884
63328
36730
52494
53959
31730
80348
84365
44499
62343
64210
20684
21816
24179
97494
