51586
57657
60855
64220
65947
38205
66005
61923
34022
91591
86936
27035
825
89740
85863
19389
61721
81495
44602
15076
40776
92742
87829
35677
71852
5586
27714
43515
62360
108
17706
40967
82265
54146
28431
68436
59583
36224
15081
54128
34086
83444
62427
19767
66816
33162
51409
71746
52320
24406
12537
22621
7814
58256
21979
34102
71106
60312
77077
84400
42695
28475
44760
67895
84525
54095
47129
19182
50562
50200
4565
46309
92367
42157
27620
36775
79779
27796
17336
70863
84542
96010
52562
52730
67164
16095
18177
83351
44892
84734
93145
3291
88011
43626
14348
25394
21554
88163
19911
93968
22457
55528
39852
20549
16918
9527
60647
67182
56950
21904
34895
6696
8711
30295
97691
11104
3744
49688
37406
39782
2925
36069
84736
42720
25882
59
39643
18363
61115
48739
61455
36252
67415
79732
63298
97044
22063
59605
84984
58322
27342
23136
2474
1106
81166
66883
50278
54739
64196
36032
5635
23687
37226
4787
96895
30467
6888
59188
21432
61398
64318
5234
17475
52951
75983
85504
78252
58742
45101
20524
88586
78133
41950
11562
22366
28944
2440
17327
96232
44439
11518
84825
42310
89404
85991
74028
60714
43623
53479
48823
32567
48616
50476
54965
98264
20932
82871
48560
77501
4272
22053
14528
18163
18236
91386
17552
79486
55718
40809
32257
86101
4271
86401
45225
6299
98411
11063
57459
74741
69778
60140
45866
17293
61907
54748
62128
84610
4072
2915
30632
63882
91109
93195
88852
70277
28554
13014
77432
49279
50008
11972
29405
57569
82624
13346
9458
28181
35319
45295
