36808
61029
2999
54310
4632
75435
70758
68393
78308
36560
69278
76381
19296
78844
46847
56368
11389
16723
63088
22241
91492
91719
18955
42051
62223
63662
96417
40417
75621
38287
6827
79612
56240
59318
59086
38672
8957
19655
29290
29749
78095
5839
5248
67296
89504
25045
81245
84649
25973
9328
18951
18312
57692
8786
72802
75929
90597
25730
36064
97150
88794
90408
45443
98084
58364
71201
92432
34493
57436
47826
50194
37356
96051
35449
41416
88640
34079
64574
27660
1272
30330
87241
51041
53764
27800
83406
66808
48428
4029
95011
36223
83242
83768
2770
60679
57266
95232
31913
99216
59250
92554
75599
3219
58420
66564
42769
43468
51712
87601
44698
43169
88542
80897
14466
21396
25818
84205
99133
78113
79616
95276
46132
86516
74055
10452
11601
73994
43434
65904
99155
91426
26289
82746
43106
2497
66862
10294
65116
15422
51331
78731
2126
91760
89025
4383
69182
41650
2476
7213
41701
29136
11194
86758
28026
56306
2202
15105
20394
42946
17809
31680
34499
27226
76831
95489
36207
83375
22497
73917
15263
67700
2607
89985
31741
89197
27557
73638
51427
75793
11135
25903
71593
59418
60254
19582
79801
14669
12359
66516
28895
95040
36235
50020
50781
14317
44289
1298
571
8178
49294
51373
23931
35457
76295
11237
91179
5035
67822
42315
25779
56004
12184
56325
98734
93523
73871
13226
18965
24377
47219
65056
12247
40603
76219
1679
40261
48237
3417
72481
10537
95549
36348
73721
62039
74553
76463
63374
89980
63615
25182
78242
33971
86111
95641
67011
80983
88974
77297
84861
33138
778
99488
54425
92083
4581
23845
73015
37950
56368
19084
12803
98110
93189
36044
66039
19094
58737
98506
62829
14581
33020
32316
19103
60743
87062
99272
68317
71912
14848
24873
33674
46003
73620
80563
36404
45209
68179
82510
31502
76397
58633
83647
80012
22268
90526
19525
23865
92155
85275
45822
39928
19640
96663
77450
45078
434
31902
82439
61768
8741
39325
79131
54023
82973
97420
37009
35460
20588
31320
96250
87241
81302
52140
99220
6574
80169
93019
29353
1973
14603
32749
28718
18243
89804
82020
9868
92027
29658
26537
88732
9464
53330
2616
56138
29926
98516
1253
16412
33662
24720
50345
56524
84157
91293
12525
50449
13279
58665
1809
89468
11997
99242
80122
87390
9376
69682
53750
89095
94209
60577
56109
62441
1856
69556
29670
17275
40156
1308
85203
31993
73685
68170
29242
41833
75292
31110
19232
24056
39283
44062
38644
96003
95910
99195
74198
62546
70662
25904
29378
81214
38622
4044
50109
55700
76404
21038
28251
78193
64798
39160
37994
43885
62941
11292
38942
60916
60507
80020
11962
66063
28541
90446
92504
12546
39172
1379
42005
75630
47462
48457
44892
15222
96036
44158
9325
56767
18248
74437
77738
78673
510
69197
86814
55514
80395
56653
37322
39474
61102
59052
23885
69433
1873
27996
62448
84636
32683
57895
88043
56694
25558
49505
24663
90291
30953
89981
53425
37904
44465
2972
52360
71550
8081
51327
2915
24774
51794
22398
35506
14246
20360
62514
29679
52217
69060
29868
54864
54933
86991
62569
16333
96334
84490
50556
1288
39288
22847
5963
30366
81002
88579
48343
37032
72541
72458
10610
1038
92179
76647
80565
30281
86965
59263
41033
50195
62357
73737
37315
25998
81266
60708
13
55565
79866
46517
68991
8931
43210
97147
84941
77254
784
17713
13690
41151
10897
44127
8458
65682
42055
23613
90805
84708
69314
58118
65367
8429
74864
63860
25124
80764
24535
77662
7129
43649
80158
91947
91053
90107
21996
3985
18087
14111
31304
15407
489
74177
57311
42019
29898
38498
42341
28585
49986
5655
85874
93360
88894
7538
50254
13210
8947
49551
52071
90961
56175
11580
30814
2785
44203
59621
90722
21141
38236
68956
10005
33553
76489
35522
40075
5066
81559
94164
55792
59293
57344
71413
51721
65683
58179
43796
81586
30095
76597
70362
98279
17552
1236
30482
92607
58282
25115
83829
6642
21115
63954
19441
23195
40813
67453
31637
83768
37991
71125
15740
60622
2736
4308
7187
11786
52513
40458
41609
41122
4517
12172
32594
55194
86993
78956
7031
98371
22330
74211
17054
69021
96983
47787
16754
20157
40148
18314
41999
21738
89391
15752
56620
93474
80755
54721
23237
65561
49935
95414
72515
60865
77139
24030
44395
71269
78950
39962
56512
93039
68294
40423
67797
91594
3325
90668
77011
33953
17436
74354
28643
63814
58647
81012
83737
18191
75868
95020
4670
24635
4370
34957
65432
65555
57386
87599
76120
10891
40324
99972
60735
86727
30273
8841
38446
42266
3104
96985
85737
72746
8248
17339
27302
21456
529
30556
27480
31387
68895
9399
63891
37332
37468
9041
48059
88604
69024
70017
11022
93201
5567
56172
85354
31888
4384
2255
65852
59220
64214
61205
88070
1468
30301
19785
16684
22731
7698
42789
27324
32169
15759
8584
75511
29831
24290
77607
14112
24128
42985
73402
24864
71514
84044
72343
14740
33644
62006
45564
98932
32378
80209
76933
59360
94011
99486
72414
51113
64604
9134
20019
33241
24893
23520
65347
92160
14392
66583
43154
38076
61923
70359
25341
52644
92043
83293
47497
48145
84192
82232
36788
91593
59376
22471
30349
59594
8459
76975
46112
22256
58822
46457
97321
4707
86075
81927
74698
26400
63117
33809
22264
83073
7593
37249
86127
51532
97000
11910
51365
27893
12145
92505
31900
36465
21627
65610
46897
2808
16496
87333
76114
51510
29581
98887
11181
81838
66215
41367
13283
11659
50695
84803
55739
23557
3862
50584
57938
85516
52275
22109
27057
63444
23233
12109
18007
97598
12862
29839
40597
10334
72206
63924
98936
9582
88439
69740
2433
70479
86596
15525
63697
49398
44461
22593
61472
40987
69742
98642
88748
38970
54099
48245
46095
38435
55957
56681
36841
63844
7902
29290
49308
44433
