17768
79379
62768
36479
61917
76634
9283
92177
49526
18448
75157
23759
35742
31364
49348
24002
22828
26827
1152
48111
58193
27728
17998
13365
52794
68009
68121
19571
30120
91077
73750
85799
29577
35841
66354
33072
52562
39770
45178
41205
56508
4412
52102
28734
99929
43129
18468
14048
10033
29782
64125
91767
10653
64031
44837
18635
76031
67259
63044
18997
10524
21690
84220
29051
85495
16746
15223
41495
10668
26697
43055
96694
26757
13493
77369
39420
35100
37151
81423
324
82926
58815
37560
83973
11704
71776
3350
74833
98641
91548
5675
70807
78404
37346
23401
29032
69928
89043
34645
75094
38365
80333
78647
22681
30854
46271
19809
92779
92029
18747
1337
53203
78327
93033
18661
76159
58934
27640
57682
98122
16005
45295
55393
49469
97491
10498
34863
15377
75919
2560
14559
73203
99644
32777
26086
15425
1585
28029
73234
68625
87824
66544
72568
59856
47648
69369
98969
50887
28618
15434
17616
52826
72461
20442
16346
6987
65726
12285
3970
20891
76287
35477
11209
51281
90042
61282
84911
60531
5659
15253
42560
4080
18248
77570
26078
49184
35133
57076
99302
62179
69640
58170
99490
51302
45118
15103
1835
88037
71256
98615
49656
6890
35309
66005
78215
19699
77357
97274
57863
9138
11224
61897
53024
28494
52921
64373
1247
73158
16610
25563
39650
84566
35557
53964
61660
41906
61676
81027
80102
36463
34933
51893
96931
83169
35470
75622
83374
45695
4233
8247
86689
98659
35164
67133
56996
27917
51448
60462
32849
15335
58819
83893
14752
39747
67700
55717
36180
79713
16106
61801
52161
84013
44650
87514
59384
93349
46644
40138
54896
14776
61761
12573
87795
74345
89978
68407
43746
42611
93240
45072
33382
55782
39251
29956
2740
97392
69257
40168
96636
36280
74958
72439
74542
63139
27114
16010
47690
74713
90228
56102
80675
71777
8617
52718
64142
55401
72072
50553
83277
79650
82989
61791
61650
