64081
90617
90475
30619
44635
87310
74767
18809
69586
33915
44780
69591
83050
36689
74435
77497
45354
53139
92425
31059
69015
82525
87852
56965
28267
8306
99053
72308
26116
2240
27275
73158
63288
70130
23680
19161
16742
94706
5605
52896
71689
5945
72881
42395
8838
50868
71550
70546
50468
3476
76236
38191
55291
16883
86527
15445
37156
19166
34852
20128
99953
195
59985
94682
49526
2648
32394
66103
89828
96165
36127
1870
70391
3696
58066
81429
66917
7459
14967
98456
22518
96028
7669
22389
9043
84817
2569
87031
77176
11741
13769
87020
53507
56716
58758
47461
63214
46239
63786
97451
83673
11740
92737
94232
61728
48757
53845
37945
42732
36019
57329
51262
75941
90047
28807
41018
62629
60012
72621
47486
71016
68101
67265
60685
23775
76303
14926
74331
70020
56218
43047
12007
66184
21481
28336
61362
91144
48443
39451
92122
61407
34838
99056
9464
58900
18064
66278
11539
19539
35737
84718
44862
24154
19400
74160
72789
95690
93408
42125
88719
69309
48574
53858
32672
47926
26306
12206
86126
67764
98168
97739
47886
85217
57538
17336
7451
42311
66020
58967
21202
32866
66859
58866
39980
51889
62714
98137
91769
84901
85107
4582
47509
44476
23135
67042
37354
14567
13850
53088
61570
41543
88126
76679
80839
88215
94506
10925
27674
54371
4174
55742
7404
76246
342
13468
76956
42065
69456
25057
88717
50391
14940
68607
31234
88197
61264
77417
78617
22719
65477
95370
34210
36070
59905
41715
19515
74981
25602
8243
60489
75371
92387
90430
10261
32755
37934
77680
60192
95294
65566
82155
11268
60483
69872
31675
93545
67676
34246
85051
50241
33698
64503
32113
10241
46131
52950
11732
85404
43823
33118
23982
2301
32739
85239
75868
12193
8988
50855
55026
63310
80733
54232
28123
97876
17612
12065
42014
16127
48454
17012
52029
40630
76083
292
40247
91635
7284
80817
20461
27935
77753
53298
40642
95465
34351
49885
7899
35267
67094
79510
34822
42650
54897
24849
35767
14544
54743
70949
97677
96407
27398
98096
58323
18668
31735
18849
16258
95277
81132
99174
77859
54712
12614
37170
27891
59330
20308
10794
21152
72721
47397
17901
3920
50007
30622
55454
34848
17483
57832
19279
85162
97317
36832
76684
92928
39126
99666
38465
35924
20226
59776
70888
89626
73051
34875
33587
35909
97627
40405
92754
23950
14718
27213
32130
4372
49945
88937
68691
94685
70939
8994
56787
30234
58782
94329
6844
15176
13226
16071
28215
29011
8711
87859
39212
60341
57596
20092
67112
6428
95113
9814
43592
32170
4509
35666
98184
78838
52693
77557
48547
65039
7282
4778
57702
4641
53013
72692
12501
368
98746
52220
51513
94369
9967
87433
30757
38393
65711
86573
68932
10588
8799
28827
51394
16823
41667
6583
71923
25434
2558
83110
6851
44189
7685
80677
78682
97859
23551
81013
47691
4636
38939
19443
5210
82820
5102
16774
82921
60873
44360
38770
51677
37194
62897
46217
43313
17882
50309
18209
31191
23972
47337
91873
81606
36105
61544
61684
46981
40964
47983
2400
29458
16015
20994
19281
91055
83966
98329
15663
84745
5673
66522
44110
41031
91432
40244
35715
60652
4534
72373
89236
97288
6232
14185
91528
15905
85751
77295
29790
9018
13769
49818
22650
16029
39213
50593
80602
66346
99029
69219
99078
44124
47326
79227
97670
14772
11291
93787
67054
84709
67088
64264
96244
46811
79386
82834
74017
86920
85260
39278
6822
57292
89620
54162
66534
39393
52124
62381
96593
25057
84908
78752
73842
15604
32620
28285
71230
65913
57959
3610
22828
20656
24492
16658
76388
53794
95342
14329
1424
97230
92811
15993
37871
86898
92394
23374
94216
85041
59549
77338
12252
45574
98726
32613
34484
38182
78198
61941
99225
58795
76753
88614
11811
15843
45261
61319
6217
85747
38648
78993
85527
67177
56985
14404
33470
46717
27631
38399
85157
7875
22455
50780
11741
79599
99145
81926
67602
37477
71585
94872
29
21853
99323
63731
7958
34224
16727
1083
47495
15521
93021
72622
99580
73194
84634
36579
19895
67394
93160
74555
84032
95272
49835
63494
74489
13327
80856
99478
84495
32230
10544
51096
85068
69827
14506
66260
22346
85355
13231
92257
50914
54368
95615
80965
52802
1640
65169
80489
44445
4118
76439
73942
83197
35511
13280
54446
63859
49659
47607
91497
60399
41661
96808
18186
1387
95345
64099
13277
15265
58570
10745
35727
12350
66245
33443
16074
95214
52373
56611
45036
70614
88875
69762
14179
69056
64162
11576
65799
17265
97285
71241
37747
71191
99038
15309
43906
78398
73595
23624
95458
43137
42527
67736
69528
52414
19650
62126
17296
56258
54054
91571
77342
50244
95639
52043
