98926
11470
77324
6264
16226
75158
75549
28963
58242
36347
3255
55401
95380
94954
86192
86105
97152
40010
26914
45879
35040
11473
59483
73948
79620
85050
73025
19956
98437
87150
23776
55269
96643
15583
97489
5743
40734
96180
38216
20815
87853
33054
31898
38205
89823
4298
23433
31478
14284
82287
25262
89236
14166
65959
87362
75800
19425
63098
89225
79082
2476
67861
10683
14135
90092
20474
77424
38938
79492
27953
78984
78709
95746
99004
7604
7102
60793
38441
61764
90679
35414
88832
24526
89429
64129
12220
4728
73122
46258
13143
32162
40990
28717
98045
95571
51937
88380
52035
13982
26843
49960
24048
37008
59292
12628
72697
38041
83535
79798
47179
19605
38209
98130
12833
47382
32672
3892
85590
95984
34078
3242
42612
23233
17397
32572
15851
76858
60900
84297
8829
20750
92951
79519
75574
66646
20230
62038
8184
39774
14260
87626
74869
42256
48791
11188
81782
98043
73911
10404
45528
39103
2255
2972
76982
19704
32241
53420
84577
41061
11270
7109
37869
13204
68787
87036
63109
25515
43831
93950
50431
37525
5233
37130
76521
34408
38366
2544
83171
58159
97088
43332
51846
86809
94874
65118
28194
51421
55383
9329
65253
98759
24555
28646
29207
56164
62577
48180
56195
93382
92468
38238
99536
15604
25161
66218
60302
49809
6937
9817
5323
8392
45917
28232
88325
49489
67234
73730
39194
47874
5804
38175
987
36053
68598
29886
22111
7826
183
2650
47475
94489
86688
92172
54704
28718
94754
71805
38501
92481
3085
51237
9779
88536
26772
32421
26488
52476
72652
41373
79138
77341
722
49003
84485
48483
30764
4482
31944
71378
96455
43267
50746
18009
31488
73050
45186
99543
27391
42903
57748
46154
8574
39015
29887
87093
49383
44558
9731
60461
25115
60260
12832
92737
88687
48713
4649
3012
29296
41030
52151
46969
47911
81570
51899
40057
48920
75933
8267
90147
12100
63852
52158
97025
95567
38610
48115
98322
25180
68952
90186
27226
35412
25609
90006
42371
14117
80876
74442
69901
37383
38494
93297
91257
57722
29867
70938
11118
56971
92745
7056
25574
91349
60337
44903
82841
85700
21371
14034
76036
85205
38038
69586
96149
4698
64257
41545
16341
33114
72584
41613
64402
94452
20510
51927
24488
45539
5075
64315
46924
42205
40242
91538
11413
66678
30010
54484
90023
49058
97655
97633
7709
21080
21340
27454
91442
56946
68191
26365
94316
40592
93426
7732
25638
46524
66489
10832
97977
91528
36429
