73499
3999
38226
69845
92697
44122
48085
12713
84034
95870
24199
35532
43456
45190
62267
12533
16968
38097
49616
65124
23941
53910
12692
16988
39309
98789
79812
87869
20757
39926
65007
31330
99168
54928
71257
26260
73011
93527
68666
62889
25572
69843
8614
96317
96848
13498
10312
67979
10155
6713
28679
68008
15122
96964
80875
1500
76573
92279
59064
95325
48433
28456
16217
12906
19474
29868
49528
33314
51029
43362
51498
89247
79475
58176
49192
86226
97337
73208
10359
95451
59612
9158
25161
2244
53483
11929
70461
5820
98589
57499
97025
40075
66025
20095
45208
53111
30772
88678
57206
27186
92388
4110
3399
32669
47091
34424
79376
97182
69024
77300
61102
6905
1440
13899
36987
69358
79922
35177
26511
46319
25455
35973
47618
15611
71712
46702
80271
58012
46410
86996
31349
38554
69828
69519
37591
71770
553
40144
11331
46006
94921
46819
21744
52154
46106
10589
93536
71224
57516
43624
92549
54345
84121
53672
74752
79681
38651
96297
13092
17773
10552
49607
10713
6988
56985
410
2045
9383
79192
93948
15205
56431
28823
28088
65345
42385
93678
26320
25341
69432
92092
62219
68675
86431
58527
9081
93790
82481
34878
26309
25050
77119
19459
98070
41671
9725
40134
40673
2813
18362
48997
17615
62041
27099
73168
71975
64485
39187
45664
62007
80053
22368
19655
78308
21101
79172
55459
18412
84065
799
47405
55316
14869
73030
92046
47347
39683
86242
20528
1626
15098
50119
43026
43102
55811
94671
70358
97156
12703
54675
37045
42919
95693
94693
10034
27977
11976
56013
60651
41556
57644
7358
57995
75116
85785
3508
15197
78707
93424
8013
52924
96792
89306
33281
99461
18365
74376
82911
96558
44611
61909
47941
46672
38388
36520
13723
41151
87373
31574
95053
90458
14246
95364
9636
88542
39391
83114
65471
38357
94217
53395
33395
74699
46927
24704
69692
47905
10431
3340
61343
63291
14232
81098
32606
11509
81201
20779
79958
69394
3300
19964
46873
66484
62838
91949
40227
32712
9187
25932
5467
75576
47498
48719
34728
52932
84531
7248
53229
24139
9177
76946
10018
59875
58072
27266
31633
86536
52403
80250
10058
5201
45154
52671
31619
54974
25303
15561
55056
6253
56747
89155
59643
26028
8906
39368
47040
23945
94008
15022
53255
69606
24574
26335
77502
36360
75829
25057
8659
92142
69550
38712
81131
84734
98011
54177
67874
29147
20254
45631
61119
34515
58860
77843
68179
32789
5085
29284
72622
48928
34962
71486
69950
73814
88419
24150
22950
58127
14149
38475
32119
37994
38485
76937
91117
79486
7876
6248
17256
92527
5822
25105
19364
7676
99512
2848
15448
9141
74710
29380
56264
12971
53974
48100
5223
17823
47644
98140
89773
53820
859
18629
14001
19936
75869
67538
73315
69269
86319
438
57033
96287
70220
38147
62643
89550
78405
17870
62877
23282
2377
34287
32705
91118
8439
98404
5494
78886
45757
41108
79753
14802
37739
30961
81398
11605
60634
90679
57827
36775
32690
3665
54009
82989
95804
22394
72448
46923
96069
86785
1878
81360
99500
32614
12044
90543
15369
59714
52766
52526
30457
59043
5900
59031
38922
34612
73625
25292
58079
76251
38079
41879
17600
66075
82765
38815
87522
21114
50591
28695
10254
65213
5144
19857
79697
27184
37375
74192
61312
68034
43923
19419
80197
99244
82251
9965
64298
14226
88495
85769
54657
72194
82381
66570
65741
60218
94233
25017
25809
37222
86148
83800
87155
79655
12471
96315
32141
92559
13068
80694
20880
75176
52905
76881
7860
63796
55930
7193
49505
61999
3211
40656
67283
24817
87039
74212
16334
29808
97807
83261
81982
94499
33698
12560
54728
737
14949
87505
7635
26183
7176
40197
18157
44504
81109
2581
68924
53982
45325
15742
29025
8399
29953
83750
10506
1612
23562
88489
52085
49667
39077
20209
76316
82420
50351
7780
3682
66864
6392
73367
98872
82109
71655
21057
82252
32534
5131
80970
77550
34639
53240
34402
4928
27031
44198
98542
23738
75126
90946
37629
2008
15382
64047
49624
49568
10078
49725
43736
6899
20216
420
24626
18960
85748
71293
5165
62079
49158
81917
92756
59873
29451
18863
68135
45201
82505
80429
94572
56343
34868
33115
52899
49225
44140
40608
13719
57054
25476
9057
5840
17361
54782
82076
59813
59662
82161
81406
75886
66108
38316
83969
72760
35335
34293
62950
99506
9481
19754
37067
2341
61844
40137
26857
26720
12638
50571
17452
43793
63594
62155
13392
84559
2735
80516
41460
58804
25895
