94468
72741
809
26566
38298
34824
16538
93339
35364
6684
32731
811
748
3509
66903
56451
88821
52879
51215
9586
93369
89518
57415
98198
60491
40214
34298
24582
85116
97475
46669
21371
52953
66662
47201
6588
83985
29405
60706
9221
29395
37614
60828
70514
20086
84800
27662
60045
1875
94101
11959
9874
74957
96488
22316
3932
96273
61247
54059
91438
80824
51053
21930
9184
96713
62759
4681
49155
89979
12800
5350
26675
7609
39492
82959
12664
76606
31405
70545
51737
65343
66406
52687
83486
16552
43353
21071
2143
83166
8503
81039
70319
19844
72964
74389
1535
87641
18267
99139
47120
71167
166
20425
37849
76503
74898
97013
20785
68295
18226
20421
38521
91005
60243
30845
5001
80909
26967
23636
98549
8694
72881
62537
29084
44643
51675
55731
69357
38126
66295
85110
74071
39359
96449
93873
64459
49330
78445
756
11184
26806
60802
8654
4387
96401
43474
92901
79016
83841
3349
62687
74193
62045
73985
42589
63530
95226
66472
7688
29183
25354
72238
90307
20331
61023
78022
16672
44446
93998
87912
72910
18633
35854
42800
86480
50665
703
98646
71593
32430
51495
92774
29460
23655
23095
79004
82672
61580
72173
59742
2040
79976
2323
14741
24944
86113
31332
47560
92219
13477
80431
9911
85290
8242
23412
77682
61679
35553
22795
59508
22639
18448
62980
78079
64822
24428
89097
77973
53541
5528
20479
48944
44006
81116
53035
38687
59264
6348
55410
69405
28198
23123
91225
65679
56969
94397
27371
99194
53198
67838
25273
37631
35162
55874
23931
88949
69162
81170
981
26433
52608
37792
32629
36435
29911
64303
93464
65440
87863
49025
82380
31000
67236
72126
62576
56932
25041
79679
14872
33214
54610
50740
26061
62732
12399
29176
43665
32250
91156
70319
21792
62707
28933
30136
35986
22492
19183
90389
47517
22285
78586
59668
12023
68460
67354
72442
37560
11848
4581
98955
11582
29232
99167
76184
8779
94862
28017
91141
25033
73763
84408
72150
47438
74335
68345
32757
99418
16189
42386
7427
56189
51129
53484
15801
17750
98095
88493
28377
69814
16530
