48660
87589
83658
89719
1399
75276
51400
64530
27619
40156
11194
75435
64286
61534
2994
43773
6527
89182
15825
98625
92009
87781
56755
86135
41973
3315
98145
13649
68879
82938
86634
97207
86871
51098
75211
18490
10184
93204
92587
6841
82741
49742
34372
94505
67854
15842
75259
90629
81154
58371
47985
16850
33983
68589
38930
60300
23924
42823
94858
41843
24152
15800
78039
17644
98948
63395
54042
3765
43803
94945
13575
17641
28618
98970
62428
36300
59241
42591
96207
37748
99617
41479
72063
35828
51816
46499
76460
21126
77064
68608
1731
77459
19263
41785
43282
54018
28479
93559
46458
1372
84564
58182
62370
36920
25830
84724
83079
21832
24628
81513
6609
59710
12065
41534
73569
8828
93259
26812
94791
58583
61109
43185
85201
73863
83527
55793
98877
31822
92748
79719
93295
59074
73113
89335
27326
80793
19757
41169
27816
48496
15667
14676
2854
62776
2948
31325
8955
67421
86058
77290
32453
65812
68416
65295
72214
85921
75829
39796
26877
52002
80879
98953
88925
47228
52139
28903
95071
43904
31011
13957
27843
15353
94313
30931
68978
90388
53520
32535
80111
65740
91049
16162
57964
99442
50891
70925
65048
39350
4044
49525
99958
15668
81548
63760
44937
8381
35377
46571
61835
74817
59948
1827
99325
77334
76762
8348
15801
31784
84679
37664
75523
43517
58989
87831
43742
16515
1083
39936
16090
14361
96241
98858
68171
26583
45607
64945
24086
16699
49356
62232
21764
20944
61548
19999
97881
2908
34667
14305
46974
57287
74831
34797
95994
77412
9050
73791
89823
33629
92788
31867
13857
21919
32775
38437
10817
51007
92740
53663
31624
7271
38819
36640
59599
44578
50727
51086
4283
13503
9920
87096
17670
36581
94570
24210
83512
14644
62003
74893
17173
62675
70170
23570
1936
98076
95571
52123
97149
73568
7751
4463
27843
15256
90168
40824
51152
4681
65441
34147
10215
91795
1180
57203
50997
34614
78014
37825
67394
78562
58589
26932
14562
34202
32881
12506
54443
21731
12888
76608
66912
10478
78996
1140
14348
1248
87759
95124
37323
66395
38207
70194
53474
20811
51396
13607
79759
57775
32973
19697
44379
42049
50811
40426
22347
99268
2398
3622
35350
68713
72219
75337
32305
98654
40911
21826
74246
88372
53645
52392
38627
39819
12835
38800
53231
93788
56123
7880
49719
95938
34941
23795
96135
1798
82194
53569
31444
84326
84355
78250
81622
3746
10432
70184
1651
15139
60572
26766
71605
32775
3797
16232
41374
93677
2290
78320
92850
20249
36358
90730
28083
78309
25329
21885
22474
9733
33413
62223
24865
59189
63045
15771
19277
94273
39338
89074
91785
34064
30239
63563
68350
24078
89676
7176
44478
52981
38929
91687
39248
70136
52296
17153
24421
8779
97292
97890
62921
66930
29849
95782
97973
56132
39081
9869
5154
13115
32157
42426
25688
32155
83805
11598
18660
86525
1558
94715
74152
53336
85986
85000
40620
30506
14310
18625
84114
51560
16628
68695
81159
92928
96273
68187
37653
2087
19345
57682
66998
91908
27166
80950
24484
80824
53816
38250
15403
8200
62870
9975
95711
44648
39562
49927
78954
16646
51203
92957
43293
59856
12012
22255
57960
75779
20626
78594
33029
5746
80930
59905
1967
99855
45073
14969
28080
23289
86997
47123
77591
89186
33457
42479
24073
51483
26446
75129
15374
95742
73796
93899
90892
73048
4088
67679
12401
28305
68703
32463
59561
70329
21953
40939
40752
7857
21689
33334
13953
18163
82105
56318
93645
