49182
68618
99961
71637
49126
17761
92239
67850
70182
97709
55137
38238
96775
63271
1461
52795
46431
56650
58603
44960
50931
84996
42858
63974
4557
62630
80485
87198
34102
80058
28746
50006
15121
39539
85447
39835
93588
95872
39865
44345
44867
43963
78706
78749
21611
73022
16518
62491
88023
71413
56499
77643
91123
33902
95754
83855
35675
20013
1854
3120
81502
15484
54728
32005
43829
72288
72660
42677
4122
33831
43308
48084
47558
48093
46559
3850
60299
92189
12366
18865
21099
95492
80403
24829
97363
11874
42862
74102
23960
85802
51661
14464
1996
86953
27767
83388
21789
19315
36341
41479
80555
14264
9373
42624
43587
40214
9309
263
74620
62792
12321
9665
22605
44252
15809
22616
15818
17795
69737
95807
90137
8961
39238
98932
1685
29476
10026
73982
82143
95313
85501
68213
71643
83194
41120
71136
58094
99083
47454
99418
15922
90756
75282
44302
51059
1633
14799
54658
79593
55093
76912
7888
33843
49590
21245
60014
8460
6161
12918
18479
43981
98462
91455
61219
2719
92750
61960
49145
667
85409
79544
28677
85503
72500
23062
72829
97071
76279
52403
94909
26374
25597
85751
68490
70712
48492
90630
44820
80198
65301
85711
14580
51388
2301
88145
83157
9642
8666
9483
26415
44989
99481
72734
76494
18842
19868
32960
58577
2646
80961
77088
17998
62453
38941
1297
5395
50109
6441
94870
28488
73110
35890
40296
85585
81088
61940
79015
28431
12081
42593
62842
54149
92746
70362
708
51671
29812
76160
39302
93455
54588
82789
4139
57402
86057
81244
63251
1007
56950
51439
81919
81872
41008
50574
41366
20201
781
5349
12403
47445
27687
78119
10956
21343
92532
199
83870
11270
25923
16037
53050
48666
63029
25765
99398
