30952
45865
66946
3799
72147
42130
32472
18872
63808
65457
14672
3018
55651
82283
54035
3207
47838
21499
41273
4413
55498
53201
57817
95474
92274
90054
89439
4594
93470
24923
91
62967
80781
16781
90774
60659
50075
59191
62304
65084
92514
71749
74597
21364
94173
91888
43422
72372
47752
2426
36419
36085
77347
43304
95870
63963
3733
66487
57850
99359
76205
1340
12059
76439
15108
9789
31656
10180
90783
11877
88003
41271
57040
29832
39513
75968
28603
84275
64788
4085
60470
37358
19181
1468
37546
25458
82751
40629
35895
12449
98264
89063
97011
81510
60104
62085
45971
70346
94972
66877
6498
96336
36292
67037
31534
1294
93584
47522
63778
9544
80410
18206
