29147
86513
99250
54720
10925
30165
26177
17554
46999
40465
51690
91915
78389
7898
92637
62157
67446
82966
67978
99703
28608
31734
16020
15662
91217
1716
83237
38627
52769
21797
88347
22274
10915
80410
56192
9334
52810
61369
58007
99004
57352
50803
60338
49474
85938
54818
71905
23131
93119
69505
84997
87715
53359
99176
38754
98986
79912
63842
49586
90814
55452
24876
67671
91737
13895
65773
48904
42180
85876
74413
24365
32039
27774
99571
15814
4302
69108
74526
21925
50969
62934
77440
38172
48512
16124
72050
47057
94753
99670
76216
33038
71144
55022
64531
57204
31545
39306
69340
83952
21981
96141
76259
30854
59143
37853
88325
81962
33186
98271
45411
18189
66713
16542
26693
46004
96194
30251
79754
741
87272
16095
83018
36411
90355
86971
62251
1561
88182
44912
15485
26074
9685
73339
9778
8806
90609
47336
51452
53473
15186
19831
8229
13662
9616
18812
72517
93649
47837
37536
25124
87490
17202
85061
11213
48030
7413
65415
83722
46823
88836
55294
63682
3755
59872
40576
25868
3410
28185
89188
42670
88145
25906
12256
5718
83259
9457
24563
28724
66135
78694
86751
73907
80045
61492
12623
15091
35706
91681
80247
17124
46660
86006
83800
98560
70951
86899
97058
69445
88237
62227
95316
60173
28860
10262
23327
25933
72329
42353
62376
28871
6762
29391
45197
78059
80009
57730
18495
95793
83125
48970
97357
75116
84851
20033
46369
4907
81265
26912
19460
46257
6491
14994
31388
6991
40775
40979
87030
72859
99754
13764
79295
61552
26157
30862
9004
50785
55515
45552
75769
8698
79633
58951
89294
13270
45368
30680
56222
56887
67343
66493
80137
3557
5952
75690
64322
71750
72821
41116
70730
42646
28580
41341
86363
7171
3814
13974
62817
26344
10789
87057
76226
31332
3379
56297
5471
90422
2647
53936
90290
12344
16355
47037
3863
60789
31457
50833
73447
11943
65228
74084
69280
96305
45978
10257
83296
50710
56631
20538
36336
6197
4301
40761
20926
19138
59743
92389
5506
61826
41173
573
38402
54018
16114
55892
8689
1299
82145
2585
8818
23014
17838
46753
80346
83297
5073
34036
83987
94076
81700
33617
64957
57211
62326
92542
67216
3527
43929
40752
81180
14219
93365
38163
91505
68552
66463
74998
85339
48662
73412
86071
27780
28183
69856
167
90205
47129
63532
35033
68312
95401
69875
72716
8909
43374
41093
60242
53852
26857
58852
97500
74226
82759
25020
2021
78052
56064
26704
48984
62616
36719
96335
78430
27748
3150
38502
93224
79118
83726
67663
30421
38546
9808
8038
93824
78370
44163
20828
55274
80647
90746
26373
62015
19206
28105
89996
95144
55774
93852
10055
96300
42158
31540
37
3075
91828
37887
5571
75865
33391
61683
94910
56060
51142
20647
66626
88930
18977
41005
10017
48697
35413
53904
84640
8844
45758
28070
46923
66127
53508
81618
99689
86984
86496
98041
55178
29338
47000
86142
77372
20623
42438
97180
65757
10337
83927
57728
46923
70245
50479
72161
19928
30772
22601
77885
62425
27255
56860
45777
14333
94319
66522
57172
44506
14399
78354
65681
71202
36502
67861
30015
10806
94621
40885
90782
92017
70489
31498
71440
93477
6749
51310
41234
80163
73103
55592
89654
41459
50133
17414
96030
34980
51068
20131
75415
76477
86437
96776
75312
31186
396
60207
36021
10930
24534
99202
35244
94525
96183
68738
26571
68179
61790
27140
6676
40840
84253
21749
90191
10228
64984
33310
53602
47782
17257
68579
59695
7736
23278
17318
55914
13149
62608
88297
44470
29271
98225
41136
85211
44646
54641
24292
39429
5819
46524
27219
61404
15786
51603
40053
28
40350
34422
9994
12561
67046
48011
45855
32784
47341
9198
43536
49780
41543
89557
20327
62900
904
95807
46146
81566
89647
65720
91347
96306
80351
96427
46593
44349
30606
94917
91499
30705
3477
15106
50573
1981
71208
38966
53659
36590
85217
20122
80778
4066
98165
61360
93678
27428
13096
6453
44062
70377
16348
70435
13780
66182
19940
76224
3152
89292
11766
69670
96796
27745
61727
33328
33418
36348
80625
8893
48474
47837
59288
17796
8568
21479
59466
19733
71330
70043
16508
41928
45671
60145
529
33892
24074
14901
32717
26126
40806
72924
76776
67627
77516
23202
82271
60948
11079
22338
61220
32950
67681
82481
22485
5250
75166
48407
60586
96631
48870
84619
47816
52202
45408
57289
96498
73552
27674
60755
32256
18248
54661
2082
71047
67176
17373
43367
7224
82562
6919
290
86373
26866
54771
30685
64029
83463
27200
89479
69433
30859
99839
68073
13135
35921
31055
56294
59588
38267
20871
64243
55519
7172
73139
14673
34776
79024
76150
75107
98639
61134
34958
76656
71833
96232
89012
78647
41268
135
45122
88490
1948
36485
95568
41993
99223
38480
30935
8091
43402
78040
34998
77483
80527
72438
84115
38013
51102
61784
14425
3723
71495
11213
80959
56545
3458
38602
81514
79217
20510
34262
60905
23188
53078
8280
39454
14814
29122
95899
64348
59453
79049
64572
85227
44141
87443
36944
95976
9914
26173
96436
9322
27668
54630
56146
6720
32648
21638
94348
10326
42081
42879
56457
67095
64538
63275
93433
12204
77310
29237
80775
53410
5214
47363
22650
43785
9967
37617
13767
13784
57182
14009
