30126
61136
1294
7345
50196
43450
47593
81156
52767
5433
82810
6834
75409
17135
2592
18524
98815
20380
55315
59430
14221
93269
14878
90311
68724
80067
41323
76048
97510
20506
42455
82166
84777
11636
15076
27550
34367
4170
941
79140
42311
29102
66164
50535
13851
7752
6647
33716
40986
37099
33634
38574
80512
26035
13726
93623
6162
8798
14534
8126
51734
4068
65690
2821
15550
47316
41804
68973
17221
72396
24568
50560
4466
99988
60849
50811
91610
69496
15735
28566
40450
77889
73668
37618
39329
65646
85285
50237
13476
32628
6150
59621
17548
20591
85126
72471
43602
55620
40330
42610
19658
2805
749
91917
2757
9887
65429
83266
20720
61524
12961
44918
53146
10064
99742
66853
30003
19258
473
67439
76112
19257
63311
17241
59436
10160
80512
90049
31880
40760
55777
46082
12754
3864
60113
18751
10851
31171
33763
22384
36322
13295
32827
16135
67015
44973
68628
63998
58938
75242
11069
40030
59802
12545
20004
44942
87065
74618
93066
5430
96900
81699
71671
73583
11873
52810
61734
88490
29393
12020
95745
49081
75573
73565
87079
68830
37933
36812
87882
22126
24858
72338
94037
73537
89093
6272
3626
90872
8537
81954
49642
51980
4300
25179
28046
84367
52155
57886
35250
50337
30867
69510
85137
14194
2315
51219
91820
65390
76558
49025
91203
8682
94456
19687
43238
7242
95894
66537
83077
64556
67599
20859
75396
58100
98785
24786
22218
2389
83428
82632
94105
18745
61740
20492
96216
43118
77834
75300
48363
10893
58737
57792
78052
23047
37558
96988
5075
46190
61616
15698
18457
95325
75839
10809
80186
28677
65034
66014
40945
74485
13792
99197
41629
75814
76416
77628
92793
7072
24532
97828
88874
84460
5048
43229
77585
16248
47289
25669
94240
27616
92856
15885
3241
81119
32621
91249
80658
34449
41225
51825
6053
45252
92755
85456
52036
93499
26580
97672
84410
41182
52047
99464
77644
33122
82024
30252
93198
80048
19749
18295
2450
45397
61745
93936
38875
31110
72701
37366
67119
56813
14466
76096
38891
53972
37378
22230
24113
86637
33292
43974
3965
9051
96413
37956
42549
75649
90756
69985
89630
14533
33150
66278
40107
39745
43360
18733
1841
33286
99699
2140
36918
91501
34266
39328
69063
50139
69039
81474
95369
4015
96235
55944
83335
81452
83300
83082
14986
85246
93520
52591
24199
48715
55656
54884
50834
83287
17801
21849
30576
19635
81844
52280
87082
38500
73300
35875
45629
14667
25919
45384
61582
81079
3958
79907
66908
47043
40775
59793
28910
29388
9554
60652
40715
25172
1736
83848
60808
79564
22158
99528
17435
99682
51810
48670
62767
87334
26357
1694
59889
14170
33270
38493
5862
97974
32208
5035
4863
17078
70729
61482
48485
8641
1675
55850
23887
1237
66272
66211
51922
88724
47030
59854
4152
29989
97762
18816
10249
1161
36449
31716
36038
97403
36825
54196
51349
17475
72189
62548
49782
14967
49712
89707
71187
85326
62881
4319
45334
65155
43669
30891
565
54946
84803
85855
35177
17426
13208
22869
51133
16351
77339
8683
2593
88291
57514
10626
56125
59056
85283
31890
85827
57948
55711
29447
55741
25642
28376
2589
92102
87025
37292
89011
74805
6347
22489
41903
78035
40156
52520
99054
17710
57245
81479
1606
62502
90308
76622
19194
15428
71090
18500
40985
77611
41848
95417
99859
82118
807
71219
91257
52193
15539
72135
18416
99092
