79406
43526
2235
17680
50531
39248
49359
57330
86008
59116
29685
26292
86270
64591
44901
15812
87361
61787
14907
81948
80442
97640
22899
6141
38593
36081
76461
50251
78400
60441
20177
581
4131
96696
69804
6719
73356
95686
152
89342
80099
26850
47321
91279
92234
79871
12612
44452
13454
89804
81530
49676
72089
35070
42962
45966
75557
99613
46261
77666
26315
53512
98595
81868
17273
55525
71859
66358
59170
50153
37591
39976
57840
20448
16254
31751
56564
79738
59667
76807
19806
76467
39298
58734
69384
41020
83163
61543
30636
17003
72015
37983
85238
22460
17463
39744
63573
90562
71828
40872
28939
13199
50834
90309
82403
81275
78405
12431
14882
32500
42069
59170
91190
36899
53142
30294
37931
37719
22320
79517
96636
90256
93598
48920
63559
60265
3026
76278
70073
99907
15093
4298
56649
83435
53995
43624
69441
57607
4789
21885
87798
10274
92464
84744
24600
42385
32283
71672
21509
97249
35255
99171
26969
6144
75271
88095
32992
34500
91190
97089
42123
43451
16855
93713
42049
3953
67560
54406
97421
99768
63664
85891
76117
69495
50887
46669
51787
55473
69461
59400
79292
61392
32530
84557
70117
95374
35693
93898
67622
92544
43464
81558
33423
5183
2656
90447
47798
70037
22987
81010
38155
48033
44090
85910
64707
58118
34046
71878
86608
62166
34535
59385
54610
28950
28903
71344
98982
88143
35060
44235
35484
64401
92461
28680
53319
39843
76052
85401
86254
60811
44922
54785
67583
29334
78584
55275
19011
24037
39673
52454
33389
77621
37237
193
51692
41705
62168
59135
20319
65750
15906
69463
64392
21291
4071
31083
13561
63995
11894
55811
52427
2056
91191
56518
62158
26605
2926
51540
22939
66536
5756
94306
54693
34466
15364
12338
25709
70556
69643
271
28117
90361
72088
88482
25708
46306
71100
8340
50664
35226
89355
62593
75762
73086
5000
78517
40891
62584
84255
21030
60333
23553
37547
74029
65500
42736
21048
60962
64443
32996
69763
75987
53418
18249
84029
48192
26957
97322
74510
