37183
37269
50004
61203
75079
89064
57177
82205
4552
27337
22786
98437
40140
78367
39052
53723
62782
91069
70704
89705
11469
40941
66750
18700
59898
27528
66873
62304
98207
68737
51375
44884
15868
12417
96242
90173
12287
7405
6904
16711
15151
81157
85196
29478
94966
30598
42158
93770
28616
34510
38478
32080
10292
19679
89600
20693
26150
99868
73788
92741
20598
6193
39382
70322
10929
30224
34805
78593
73697
19734
68849
10879
348
78988
34638
40049
73926
16264
10928
85736
1988
99188
91610
49234
17758
58982
64294
90189
52464
70863
97347
22519
13038
30864
12134
87362
593
58085
75855
86083
58178
58021
73178
36489
64353
4322
84125
26410
46578
98411
34212
81081
11909
68498
17799
24180
72545
8711
56933
83834
47661
52706
82304
34202
45690
60416
45972
23622
61328
58437
7829
11879
85556
41216
88484
77961
41011
21964
66381
59799
429
21266
46945
73090
56768
28172
81547
1594
71568
31941
43024
98911
43729
74172
2664
60913
26097
7751
39124
38628
53572
87379
30491
85968
32076
22474
58309
21508
6853
46958
9651
53562
83275
60353
53336
2694
69065
43463
5272
5224
47007
39619
5404
64769
18351
24126
41487
97474
95300
83751
17657
67871
71679
38708
28693
79043
80991
1414
54096
6301
35660
30859
15137
64440
97697
58620
43807
29065
66227
89127
74628
94081
9250
61159
1276
5538
64444
95887
88521
49295
97992
65766
40663
73628
25717
9771
21111
7684
31360
72154
890
10297
62140
50567
84812
11957
22241
82855
96522
43280
34995
53903
93473
15595
40974
92788
25733
4648
37835
76112
95594
52061
15666
46598
75427
51261
71132
63677
13204
40118
87395
3657
5014
52794
72648
49095
65319
64661
1121
66118
41836
73789
89309
77667
77508
19560
18773
94413
78985
24279
2897
52776
84422
47407
20948
3949
24656
24040
37542
76846
27042
31807
60732
41398
38137
11526
33957
46191
13320
75292
24115
21405
56633
51319
74340
14024
15809
99868
7949
15192
95487
79441
70786
33081
79473
78443
47780
11997
21810
62625
54471
3040
86292
96193
80287
6759
88726
40128
69191
31714
89506
21165
29709
6737
25350
87583
96861
9218
36428
95149
50249
33016
78648
95932
90354
80455
58654
24915
31829
58972
27550
56586
43509
2618
25245
19745
18817
99487
22721
36621
53569
16293
92296
55117
45602
61476
47238
24123
67164
24724
7193
20957
37341
75537
28266
43035
9652
28791
45411
9164
17691
8749
30759
12489
7394
24734
22194
79459
27060
50722
40527
57552
90024
10011
3856
98144
34215
10427
57485
66030
50964
90627
56924
91697
50205
20518
91785
15507
42941
64813
36882
39833
83499
81011
46914
87649
83650
36528
73192
71946
33646
9907
63347
70573
73808
27561
75788
73417
30286
75642
82000
83900
32858
84434
82793
25037
80477
24893
59208
39366
91936
22284
73472
10016
17847
93684
90210
83158
33515
54325
71921
44988
68930
16856
15841
99848
18732
23314
27153
51182
63341
84933
69570
15145
38818
29990
94451
19701
99474
38809
61723
79802
21618
93400
58946
85987
48725
27699
10331
70701
22447
74641
48194
6075
72836
58644
1646
95430
54161
65435
80276
35025
88598
6337
92280
55546
23071
48866
42416
13869
47534
93662
68695
52755
22983
35670
23818
62951
71928
81076
66498
33353
56066
3431
28911
51660
24744
26123
78990
93578
52819
76391
61703
87959
20991
48464
23301
30034
77542
68331
85106
86136
1863
42416
68239
24147
64947
12330
71981
96912
49716
32762
51691
52750
91321
23516
23052
6098
41026
73505
92692
51992
29349
43323
90015
40131
44923
32087
48350
35478
5675
98149
7439
18843
28208
26739
78871
29152
489
79191
5215
70850
58013
12139
21448
59297
35784
70931
14669
46707
80167
42970
26388
10580
67804
47642
94192
14331
74302
65979
7350
15528
22593
13011
76185
87610
49405
27243
48516
44509
9118
3138
45396
35136
38439
76394
54608
18052
3939
4176
78021
7697
79050
94234
7362
23363
3532
62601
37069
67713
8445
90206
577
42062
32221
72985
81477
64184
28578
73244
99049
1006
46405
28942
85535
495
31590
79099
2260
71998
47133
64153
35306
19281
82366
80901
49843
3336
35880
2796
34764
20506
1770
90982
57716
57611
98034
11228
15079
9019
36500
72106
90907
59704
95251
12320
73110
70611
15151
93826
35946
71920
56875
25103
69230
23767
19545
99071
3739
20231
60709
78118
32128
46218
47611
35797
42466
93572
94550
32671
65619
99173
66309
28921
65933
33982
40572
79291
36684
94576
23253
67331
421
32864
56256
40025
43591
12358
56558
48140
19821
76645
82774
95867
41468
36245
10403
92689
30751
348
63130
25255
72605
7579
48747
85773
30420
40740
80307
22852
46708
60873
3372
71170
65658
75312
68498
91544
82471
71652
29842
16689
56829
22597
98865
85552
35414
25982
51862
22620
11904
35031
86901
84024
91737
70465
281
18635
47203
93647
25261
60542
85027
56484
21768
21251
99772
25639
53491
69971
86371
50835
73335
95024
72319
13867
62696
73737
3040
7914
58376
88700
96153
61017
793
64117
39130
87898
86211
21141
17006
14849
2558
74606
32206
38595
24701
28522
24832
3174
56055
73164
43440
38584
91155
61870
53544
25115
84079
77801
96623
93629
