17834
97948
26853
81315
58242
54658
8405
51610
62456
2074
88063
65716
85164
10024
89270
59292
22762
35926
93267
75881
4939
74857
78947
78496
7531
74030
1613
1750
55779
71123
60420
65298
38211
73459
97093
41521
81710
45289
62829
70403
68721
49318
7259
97619
43937
58013
74909
99588
54512
88763
88794
79511
46284
79444
83483
76297
42580
60728
40343
27353
48888
81061
48057
21160
25036
41366
8720
14168
92328
47897
35155
26615
47679
71103
43758
96725
61146
2540
48142
64976
35249
76238
44165
79761
32229
26314
43931
16367
97917
65169
58257
77394
11227
19410
29011
93746
37433
25834
2777
67422
33861
20758
36634
51768
9399
65961
82254
95389
28299
95097
78877
58082
6656
39283
84681
12667
86380
62543
10294
18773
88217
24126
99154
49731
37183
77375
10020
7958
11135
55186
57557
11524
98842
74116
2293
15435
6028
89929
64396
88432
33256
91527
50399
85632
10769
75854
22362
4055
30291
97894
17728
35711
36252
7138
51788
14224
54586
69456
81698
70326
75409
5074
83064
53201
29625
20678
3066
21141
32306
33249
88127
19889
25126
475
79494
61101
70905
71044
17196
32268
43951
43733
44365
7985
46170
46945
75379
14526
23198
37097
60096
93688
80932
79918
87957
29190
30039
87458
42941
46296
12414
23640
56761
2597
17974
65114
25928
37804
92812
36376
30834
17020
71284
22558
3057
40207
83080
67391
35101
86193
37281
96781
94195
25086
82315
63755
50113
24266
9320
42106
8112
51642
18756
81583
23438
72175
71407
74693
55095
83427
56796
87535
36576
67436
81686
91878
61696
98173
41018
50624
65468
34828
77813
15906
40877
33198
15226
25708
76015
31902
87584
98834
48329
20253
80854
300
21812
71956
24420
27619
88137
81205
24416
16811
41932
76351
43881
71408
11919
88479
35459
34473
27364
79603
5263
98506
69347
76971
79110
62165
29172
52265
82643
69648
30362
47815
40650
95986
88317
41495
91657
6102
36050
37957
5321
2098
49224
39193
55808
50018
66385
15033
49623
32765
76619
87628
131
84298
2218
88505
14498
26283
83844
32845
92948
64342
5433
97051
65204
84613
7165
17789
25521
18692
25028
73497
56909
79783
45128
53727
70481
83422
40922
79439
90859
20417
7971
61112
29573
21093
501
86203
33091
75953
11315
79118
43641
82986
46873
1532
73095
25225
63274
23722
95410
23567
87572
45812
23999
68655
11906
40597
26927
553
77822
78406
62450
21335
79776
64445
43561
5248
5400
83927
80796
63819
58772
40561
79668
9998
5518
68240
16343
26275
65078
20161
63614
50523
10231
59514
29556
92301
83912
32158
95341
51623
21297
77728
67520
15813
28568
51231
62531
40768
20231
97712
66114
40093
28028
33978
89307
49766
33453
15034
10617
32918
79061
94342
11050
71022
16288
28302
74623
68869
93102
49407
9088
84988
70568
79522
77418
81551
15293
49473
31047
35623
51030
99434
88775
66604
81438
25836
89216
61976
90888
17565
55552
77351
81340
44606
45194
17866
52258
49622
18229
32027
43466
41531
61853
10987
66869
57232
61123
1335
96003
15912
10120
33081
54586
84393
35618
29179
78479
971
9080
58598
23285
31359
52416
97528
55551
3309
39602
34708
11219
20757
35689
53876
56206
84631
40694
63769
54318
76335
84800
28259
55039
44728
88380
29308
75974
34897
91172
57486
6819
41244
70488
80469
54311
52259
75406
13263
7794
37846
6582
44368
45479
67119
56879
97171
78446
77655
75200
82794
31302
52001
86836
93686
46309
30931
11765
11506
80941
65062
1027
45098
45934
74211
79858
4713
32690
68397
78653
88943
60584
89853
48618
26850
92176
57256
48316
55036
29984
93725
57135
59618
88305
61643
88436
76532
66249
4480
84905
45856
39429
45260
64371
9713
72387
97155
84794
80806
60298
21601
71330
24701
98454
94407
48610
18061
79428
35716
28035
69043
44374
46928
37815
20708
34371
74290
30643
98946
16638
84481
40074
38826
7713
24135
13895
88201
83191
3841
11782
46543
59683
21955
77520
61244
74320
68216
16850
20119
25269
57095
53209
83837
84548
32722
36236
8246
17552
53080
30565
95875
48153
38714
43245
30036
10742
62971
73939
4502
60829
23104
30825
25481
37297
40982
82428
49616
2089
28755
95053
12226
98905
36053
93393
14717
99935
80039
70209
80602
91853
7298
82271
83995
61070
14192
20550
58497
55798
69516
7884
86810
70826
58277
19671
504
53449
41632
45113
1917
75446
16989
2665
24082
78531
34994
11103
68119
76347
80788
14604
78101
49228
84821
22164
49807
88592
20199
52649
94998
13655
74974
92837
61403
2866
69267
89571
21696
6206
68644
83099
5064
40170
16441
36440
28109
18631
49474
75192
75056
78316
63741
37311
41162
16323
97747
26456
88033
33556
51554
56810
45975
47403
28693
98034
26557
28104
10191
43331
72100
36483
26662
21623
1044
10874
8556
48784
94197
64793
63978
32495
10155
15013
60293
73008
44671
28837
21154
91360
10135
91533
97061
87837
9064
41480
19669
10664
54050
98145
91420
9353
69674
81678
69675
82048
77381
55738
8058
44771
59503
27054
23660
12281
90956
33211
49200
29361
99190
7110
74085
37824
35829
41776
86293
92117
81900
12961
97506
47163
70768
78449
77055
60810
25236
99539
92661
330
25983
42014
71077
90630
99135
37241
9165
56265
81047
1122
60484
78199
86644
7450
91903
73834
22013
91857
58038
31464
71657
6698
22081
93693
49642
90699
61531
8923
36615
42468
52809
88426
79495
51417
28564
42797
59049
26477
92817
48723
35089
68333
41954
46423
48381
9270
64534
77493
56469
73796
48843
92776
28897
3544
78068
3173
33524
53124
79765
50542
89734
32887
9291
54676
97792
72640
94345
86540
73488
57760
99773
2988
20637
273
99376
10115
18388
10668
80524
3058
41792
91996
3225
67499
92857
48893
50880
66756
82867
49904
45489
86072
46839
23614
92607
69018
99278
