37246
47593
36041
26282
66244
59320
81943
26037
99764
66324
83993
50677
77256
17748
64928
40736
36572
24519
62361
76120
2857
70597
25211
98070
17804
16784
31839
31347
36742
38092
60176
50291
14620
36057
45976
82382
99839
13481
77434
35612
80582
4418
12094
67709
15831
63889
23430
25218
70980
35785
18688
72955
82578
9271
64084
19774
57877
45411
90589
208
49208
55525
56788
44052
72633
74657
86280
54445
92720
83777
57674
29554
44495
61742
95077
5965
90533
25867
48523
25231
95261
97998
64586
74228
89412
89499
34045
58830
84712
40574
88287
34673
56603
52837
83866
48922
36183
78904
23805
85309
78939
86710
82637
85609
47636
15693
81202
58138
31927
67958
32050
62491
55082
18730
36891
93462
16162
71941
67290
1562
99847
24214
31657
28552
94356
79711
7012
80730
3003
52688
47132
75375
75750
35258
16357
90231
69335
96018
92042
78808
54960
28133
34241
93659
43279
34930
68664
49462
9265
36393
51566
74839
74456
87326
51551
99913
5799
14697
48535
12838
11946
19485
19016
36826
56850
8483
21527
65903
31742
17426
3728
68730
28853
69645
96986
78114
83280
65786
49924
21384
78933
4954
74783
34935
29181
5834
44806
23050
6615
4277
79159
84980
27942
45236
99109
75888
12869
70947
263
35301
38859
84928
64744
97173
8042
3107
87809
72419
20241
86677
78628
49951
47313
82158
44559
94960
71612
98223
87072
20348
61129
45240
80520
11575
74772
73352
56760
28645
59139
57999
19096
87374
66148
33873
28567
38717
56562
20889
47164
9652
45366
47799
58171
50544
49449
31864
88707
79829
2391
41600
33300
68470
26720
33927
49197
25699
53689
2349
70436
55727
47055
58043
61903
80252
53195
46488
2719
46214
13361
5796
68301
21769
60643
8212
15949
19599
90498
54763
63358
66970
64500
13170
89187
99018
93729
58772
67756
6188
87831
4536
71949
41472
53550
78907
52592
33509
26822
64745
79975
87267
7660
68408
78585
14132
74876
83746
39518
83695
72096
91965
42022
91059
26582
37304
17459
66349
42543
76084
51911
9574
7220
45820
71639
51981
10627
11203
73023
69820
96440
30681
4208
18760
11463
87625
37028
97546
25669
10322
97330
94790
7686
88928
95933
50837
25792
45446
16999
4211
26991
45467
13763
48678
8594
4430
81191
79401
29363
75782
81504
80565
63492
8571
16512
90315
40229
85547
49618
57984
98114
35610
95310
51781
72408
71017
88040
59826
44696
54193
20451
53295
45988
66716
1155
26975
35703
45473
35648
14281
9250
68186
42870
75428
68560
32675
70553
85790
45418
52722
35462
