32773
55626
63029
26434
28065
38840
60692
5922
79717
39190
69286
70070
37528
90764
33219
90440
42224
81905
2131
33089
58590
45526
27306
68959
88983
84322
82306
37989
13535
99288
16371
26380
3028
27573
27698
77911
99381
65717
87811
5509
56877
45717
45628
26592
61535
20595
81656
10834
58415
8849
24469
32631
1131
34713
27787
7981
20341
3898
89001
19496
22958
9041
20429
84706
7040
43747
99359
37647
25735
7750
76106
5263
28798
14400
17401
49693
18178
10823
28682
45028
43909
2087
93554
53938
56977
9506
18125
86660
98998
53809
22111
3936
72882
96969
83596
59522
98620
7097
88657
87374
14317
12880
3997
94212
63340
5371
20623
3218
11445
69772
94317
25603
80805
80374
47166
46709
13284
74484
40805
66152
87503
69226
1434
19571
23617
28804
84135
57456
51293
12378
34972
7640
59
45301
57647
95849
95340
42603
56563
24483
20108
41638
95636
24882
3428
10307
38797
67782
63832
58453
94310
99998
22483
60394
97645
83555
12621
85606
72527
32881
60151
171
787
37616
5155
17914
26260
71425
40050
7155
34969
65331
39259
54457
94931
71030
69717
56625
59602
12295
47810
21224
34756
81001
28088
76180
89868
11957
51052
12915
18394
52744
58173
77296
62028
92955
96026
92548
91105
66000
2098
12152
57846
39272
47511
67529
18879
62481
16109
71716
41699
66269
91540
977
27700
42030
26671
25933
3882
75949
40785
38383
13788
83481
86948
56140
87130
26909
88981
87893
66441
32155
30591
37790
1948
85700
12754
14842
57835
9961
37728
9538
6643
31851
96868
32692
6410
83375
82895
14040
50780
5742
62544
21726
41991
52521
12671
80515
81264
98553
18727
18739
34177
12804
64078
31720
76415
87372
9122
97008
16011
93185
1121
58605
29845
72087
72741
43637
11128
1202
8586
57946
77079
44478
48029
25988
6482
51995
14788
19482
64580
2517
19108
75616
81372
83441
88946
2170
93589
25092
21562
16367
27316
23134
549
86825
48287
44707
91435
21816
14677
9850
23029
24534
86349
84447
43277
70181
41742
17043
36260
45813
84776
87571
56000
4930
78638
89958
42401
11034
14961
111
10670
64379
22074
59267
81408
54459
51459
8276
55274
6753
18354
97932
86595
48081
3123
98550
54131
17702
98705
93493
71894
69847
16529
54968
66767
62203
63276
93061
57804
90505
46790
59154
48786
66649
59407
12180
19781
53382
48310
13582
57174
75253
30405
45579
22506
50222
41021
41510
64706
98953
81231
262
85580
86917
89587
61992
88358
63921
14249
42868
54602
28877
56138
90930
50938
14827
94154
99317
5609
15
70252
87509
82500
62070
31137
26427
15707
41490
31391
79029
25392
2451
22619
61001
18427
290
40194
3366
8311
14375
30009
43734
23437
79882
40335
72432
75163
88854
40252
8139
65632
3610
97337
268
55686
77449
75323
19808
63405
73921
39821
1157
