77983
21434
93113
78554
88163
37026
39718
12583
44540
79183
44879
20472
65448
48741
27588
99514
84091
92547
94559
52749
1776
61301
49769
39320
80409
93750
12277
79430
45815
88320
62570
71905
54789
466
17182
68457
24015
54044
82621
41041
6048
69770
15145
85399
22425
67723
52891
98110
64413
20669
83336
51818
31049
7382
72800
86807
75073
19345
10319
93973
54885
96660
230
17220
34211
34362
18516
95177
65543
74721
75725
96394
52109
31954
86957
13324
58198
92489
52982
91142
4952
23232
59316
83425
2608
9564
46946
51886
44212
96147
47046
90724
57795
66393
10519
23605
4509
22118
80415
32460
3855
30661
45755
27942
99782
37211
5023
9930
59333
5394
60630
99077
36370
68930
14439
87814
32138
97755
20532
26483
59637
65393
59228
30375
88468
99172
37280
55529
38775
87210
27779
36969
41611
31068
3434
72441
12688
38554
13571
24165
3497
67388
85665
26865
69037
31542
78725
74286
28570
16966
93465
65401
21097
71901
2455
32720
10620
63848
27046
25266
79412
56667
95524
28369
91968
94905
84799
54806
23631
73185
35389
95570
44774
20440
19451
10237
15501
49648
44434
20013
16452
89778
77558
24436
3796
28781
7097
43925
54912
63450
32205
69029
35929
60459
3686
47675
72401
92016
33277
10099
60711
62758
13137
4293
76481
10813
21255
49884
68248
10276
14995
81526
32909
11507
72303
47287
11129
97812
56776
81162
26530
39182
97784
47285
56106
42096
21293
51992
45922
82199
19081
10754
29435
53052
3811
3984
78717
3901
6314
87907
34320
63718
62666
35549
50456
14236
96039
6615
39870
63814
1574
31042
28169
58936
22731
76504
30603
40477
35037
23998
55287
83360
19494
49689
80081
65719
84535
26569
25182
87213
50376
39431
25242
64171
32988
97910
39817
61666
99875
26601
85157
91991
73625
38001
35190
26475
53867
3329
36351
13766
39418
83232
88245
3040
49049
59466
16587
91339
95153
18948
25672
81280
43107
68378
58522
57893
86893
55446
7652
47416
84166
23167
39699
99387
75811
32012
42798
24188
74460
91939
62444
21951
84521
93875
68479
97130
19781
56522
7054
27245
24853
18868
95136
56940
76226
30993
92436
31786
5953
26929
8878
56851
68820
13134
16428
38247
20010
29894
57846
43806
5345
