63920
35255
37353
78219
16595
95303
21275
87579
46893
47035
33343
40095
81551
96126
79973
49350
74969
71996
61732
84250
61754
19265
54964
64366
77202
92111
51608
69699
45529
51355
18520
48631
55097
14597
88396
42635
37302
86003
40341
32431
81422
36297
4678
7084
59836
53190
24607
23981
93942
50238
74554
58219
17654
84015
58654
81716
37045
95395
10769
77975
32563
17378
33451
75279
58068
18864
16133
9930
36772
29162
3728
35412
34523
63320
63330
7909
32348
50640
33740
94947
82199
51335
66759
77909
7054
95924
42764
37862
29973
50307
98114
96242
91987
25843
57202
176
49669
69229
27991
32956
25633
23009
83986
84000
77559
72031
79674
30430
62164
25134
95247
38557
89664
8108
77391
93197
58376
7235
75042
47736
82582
12356
61488
34088
64924
89443
78771
88591
85999
5743
42311
64086
48944
70572
83581
88550
56390
29455
47375
1965
58631
22037
35054
55661
12086
46336
9559
59431
7013
58000
27620
95263
92444
634
62782
35180
69394
26343
28592
94046
99736
7595
73495
77708
55413
21791
32598
75514
51884
72158
38150
40835
75226
51193
27147
40777
61819
23384
56417
76982
72364
59022
57269
75373
19755
63831
62320
82002
10810
45425
25326
74003
98083
25492
89005
40594
64853
87150
5249
73776
58285
52767
85828
71447
33552
26095
41515
52420
39092
76903
95700
89839
49279
78867
42682
51000
455
82673
54411
14896
76952
31126
44049
8481
24564
91262
3917
28571
53684
97357
95138
32156
30061
75591
5069
59163
92046
22601
18994
10130
43686
23554
68817
46693
57666
657
2360
42963
66036
19772
92114
43704
44783
53322
86045
36412
70511
33918
51097
62140
89621
12528
29468
60851
77424
19753
43171
94244
10007
17275
71459
27303
50611
20636
26622
70126
28538
31997
55056
16594
64694
22251
79529
61151
55396
62336
90133
60344
70519
62247
54359
35561
765
12011
92948
7816
15866
82234
64652
75462
50672
99995
8931
68823
77152
45033
30813
57468
11722
31851
26249
55977
25649
86258
20596
46936
98906
59950
80190
1578
27474
1037
42634
32181
10223
86545
70510
89902
48015
8429
50667
11956
68925
95100
71894
93559
52274
31294
36469
53283
85431
61615
80805
14797
59401
59782
19064
55320
69366
37287
19612
74596
5187
59237
67126
65941
21488
7288
68910
24347
48563
77206
33092
59363
83329
60594
77952
90841
69835
14446
61031
39064
74917
18557
83434
5744
64674
7354
2264
78963
78683
88702
65491
28284
36142
4578
79616
61948
20291
66354
89848
53378
97866
71594
10748
3111
69280
28592
39109
18163
15249
62765
54553
10895
67319
24265
3577
17480
87648
78466
43224
28956
24206
59849
35399
90085
94967
2841
26315
43103
78157
43285
14671
79864
34968
56796
98389
79763
85535
36396
91496
96376
59590
15280
40046
23388
41266
80999
17273
68264
75303
72467
94012
40169
66258
71738
53755
26003
70658
10749
70171
55794
1361
92083
42488
16207
12129
91009
57846
43644
19970
88120
97615
60828
74320
45707
34954
72530
23481
66699
64141
54436
28219
56225
13641
78315
90156
78983
76212
70842
39123
20931
65204
89065
19956
7009
3383
11581
65002
27212
14752
89749
23436
3177
61020
820
82642
92752
79218
93862
58256
46952
88760
21104
45601
78270
76386
86809
47359
20386
15638
41583
81647
58622
55515
61783
3962
72467
77872
72277
53493
67890
20953
70995
89890
78963
62579
2162
64175
36982
26217
66859
91356
25620
37183
91201
40827
70304
7372
2629
62864
71008
73156
53700
7448
61250
44563
72465
1381
26237
75110
64171
67335
88709
53444
69866
79335
9578
43770
51020
45325
27694
40307
69238
46657
63361
3238
67689
80046
26939
29385
11971
5379
51989
7268
86031
2035
31780
23712
15210
37980
57747
46271
55475
35044
86204
58981
19118
19744
47682
26003
20724
77551
70830
42772
68283
19106
49284
29969
12382
7647
40098
26271
25865
9275
9141
26264
17763
65188
38455
50919
60183
22529
68745
78685
10785
34065
92520
20768
89458
66256
26159
46179
34336
50392
17834
76945
29389
42180
93330
28163
96019
78416
78953
60945
28265
71900
244
98597
12084
7439
86416
43403
49260
46520
85362
39620
72585
65936
95935
99738
42635
41244
22917
44622
97603
76046
82836
25517
63522
57194
37181
50017
75899
27526
73573
46468
93175
71851
51109
88431
6550
52537
23138
33040
72573
89350
48932
66234
95936
69127
83157
34390
89868
64359
65368
32760
5777
43284
77155
96076
57291
22521
67674
79887
77485
30854
60457
73626
8841
13548
51166
41849
15517
65700
13857
3035
94813
52559
43729
23393
37912
47832
16317
98873
10026
30742
98171
16964
69887
90094
37512
73299
91007
73717
52509
29233
87194
66642
17322
20506
36368
23586
52402
32841
6589
2325
65282
74734
76896
30358
17935
91327
14695
20201
15403
50437
40441
11916
88772
2135
53343
14847
57113
59493
22992
25440
91034
83243
67415
38576
57883
4101
77315
24337
27956
25345
56427
53553
41304
2767
83868
60160
92464
70198
48000
96988
60916
4320
16781
53902
30789
31318
24231
71597
92202
61670
47411
6049
89220
17056
95289
29122
14000
99456
8404
61215
12057
27782
95034
92154
72280
91394
51683
29520
12073
63562
30104
18007
69259
79758
78009
83552
34259
23298
36170
38491
22413
36154
83771
1274
657
65557
78419
1710
99838
13424
23320
54349
1494
49179
49534
31637
39957
84585
91178
41067
2574
15233
76321
98876
17284
40721
89585
10213
48323
82722
26748
68429
1081
47014
3453
97871
24436
28174
25177
63990
92312
11480
43523
71234
58557
29542
90891
54855
8803
10026
20100
19380
19379
4893
12432
51921
59700
91439
2827
53857
34279
53464
24401
47431
63103
94605
26285
36357
16224
9007
57343
79936
60851
50109
52488
9311
18915
71817
45525
53938
98391
82376
12198
77744
67564
99011
20634
53848
79278
48395
24953
84889
91220
13705
58397
18893
53589
29011
68606
78176
27306
12091
48409
61263
31682
93058
66268
30347
90268
15401
46352
7036
292
56680
41668
6722
49741
44151
47474
151
44391
19945
80016
70289
15678
46969
60917
64611
63119
31709
43141
83843
22215
19159
65851
89446
50489
51403
41939
72039
86748
27594
46833
82727
21567
61164
62897
75439
67210
13693
90444
75473
17586
9582
15107
20748
26424
22156
86699
51693
52960
63886
46838
56467
87849
24423
91898
68011
95949
91132
91552
78714
35862
85648
90795
