20598
37691
6769
97282
10519
32034
10039
78766
60137
23373
47213
4224
61495
75477
50922
78571
38176
21616
15891
47394
77616
60227
15265
46142
36379
85582
55792
88215
48661
38598
27910
48559
74512
56160
42206
47950
98323
98632
99793
13448
86804
38481
50529
31195
73330
22855
42049
27765
81
99617
86243
43858
5874
74611
97695
69698
27503
26239
77213
14057
15088
18635
72800
46817
63853
97454
95631
21498
19520
8963
33569
59649
40581
26560
88069
21278
17106
47137
97163
55895
56461
13725
13010
32466
85870
3131
50222
64312
80051
55261
65173
75925
46234
31865
53639
66396
39454
44809
86520
87912
1744
90745
99164
25373
87601
70334
81133
37356
88458
76549
57340
66549
44233
56521
62610
64999
76184
48190
96929
80003
53883
97323
22924
12799
86982
89045
80463
19846
15225
14485
46092
23484
25625
28492
95348
79967
12940
63085
44911
40170
61488
92504
16648
16019
49624
35943
19831
99412
46980
42434
53996
7111
81820
39949
37045
73514
52650
56129
9164
43490
50065
11159
42016
28315
20813
87392
81503
77037
62280
45523
97821
26203
82966
94014
48547
40117
26543
29853
16854
77822
85894
27977
99043
37736
50858
54567
58053
40090
36152
73537
81586
53139
94427
17106
78344
81993
89826
16059
42063
51498
7260
81075
37835
86372
6226
39963
8033
21408
1440
77999
32323
29928
51698
16248
75258
15625
45272
59614
53487
10068
25765
24187
83350
40063
59690
24299
98039
79273
50570
82559
42202
94234
59961
58609
51503
65704
35478
47538
84055
87734
49890
75231
41906
23575
15676
55794
57670
54704
77082
49269
46376
65212
40710
81425
70027
25769
19474
69476
29922
34751
73978
74865
98323
51841
96629
66290
59131
76524
46295
70408
64152
20348
48966
82003
4310
77230
89143
29757
41625
69952
29349
80592
46308
33813
8141
34664
60100
24341
50120
61187
87261
18480
58566
34581
58030
69379
97827
76505
39843
10739
63689
63873
31127
42390
48515
70702
35268
37842
5976
46843
22345
38557
3180
93588
78455
21123
25263
64100
49111
76166
66624
77100
12667
44224
65506
85903
11264
25508
28632
36522
11037
25762
18240
80705
71946
98729
69162
74804
13200
65894
85620
78321
31273
40715
26627
71427
90740
51628
13792
76777
37751
76642
85164
67745
89105
39602
72385
34338
43611
12520
53511
51977
87706
43996
92528
21259
67717
68983
86513
35498
58381
71375
7709
68387
16333
65294
1887
35492
58959
63089
75892
55258
32089
90732
30146
16072
62610
99691
7609
9716
53493
88627
25829
92443
79825
25958
78317
97925
65082
51782
5611
89491
94736
93425
63400
45269
58857
27850
79795
95032
35454
59608
5982
22364
6799
95208
82294
87076
53140
91694
1597
44359
62465
77033
59205
75363
404
24260
25931
68305
94110
53272
76301
68755
48652
59823
1961
52874
19954
37155
39924
84485
30323
1989
26036
31091
26063
10522
73147
31353
22409
24832
384
95551
74931
20910
42683
2885
15384
94873
67901
68276
65702
26739
46026
23215
66903
73805
72308
66823
21658
88541
32565
53517
52547
8059
40265
56131
76523
5638
87909
62380
13509
87652
16152
39650
92607
1510
35868
62598
2321
3721
5881
46481
51973
32825
2583
26441
53346
84496
41565
32912
24823
76828
40779
77431
83649
21119
46000
43279
56025
45328
96457
5952
65757
87039
54615
74002
98521
95829
26107
62921
65362
77977
753
80462
27919
3696
90791
65927
24740
97244
8568
20777
94620
15941
38921
73124
43970
90229
33150
9501
27244
10428
92698
39705
52261
99924
95698
90516
95766
44575
63757
32402
97392
32557
60603
65293
96056
93210
66286
69197
1679
53108
28985
99989
8061
61754
3939
64346
58778
383
3368
70063
25209
24078
80333
51963
56241
46824
18365
7980
97544
14409
28677
55557
11038
74024
52009
61843
88692
96445
90529
32733
4184
97309
2675
67834
18318
76224
23150
90876
636
16420
81568
14442
80658
56586
32373
61739
88308
94430
13324
94270
73861
84949
40216
3431
84146
34415
70832
35780
87768
6171
48467
64733
29586
67770
17948
79386
28356
43803
23965
30510
13373
42214
27035
58353
46348
14260
13414
37932
44387
10843
88947
78125
47616
77224
29240
67995
59645
27749
38212
76323
20438
24218
70936
52688
2355
54383
63718
47514
35825
80080
29028
97685
97841
9961
6061
30090
41084
59697
10261
14275
817
2691
28582
99871
98285
96198
75676
44101
7062
38351
92537
1974
57764
87773
97957
42907
59052
63906
63974
45181
91051
58113
18840
75028
79275
2994
11338
49335
11157
48739
90709
70770
86579
70297
97689
90070
15008
76372
53365
27850
23951
80912
66371
13279
38197
88935
46766
42977
34164
70036
43665
77673
4260
43347
5325
50479
49024
90437
95718
22045
93163
64303
72571
59935
58109
12033
96704
81463
57262
8756
9625
13452
97085
77901
99606
16227
8637
74622
69798
56294
50237
36428
18777
89824
36978
66347
41814
74763
42596
62693
52725
95104
79762
87001
68026
15885
83938
79424
14670
52613
64937
74700
84828
93938
38163
23177
52037
10917
77712
37829
86593
53998
8892
77708
54323
59527
91721
83979
47751
38890
41130
27830
58602
45283
50334
75206
23750
26465
50167
30490
83321
70246
76007
6366
32081
20093
30215
30249
64742
98027
84739
74784
36467
11678
53444
71416
57203
79074
16667
76537
16980
21074
7303
28925
46651
93388
57412
152
52724
37277
8464
86674
24371
61404
59003
90543
29772
85267
79338
34032
44779
68791
46312
15219
86865
69016
63210
44437
24397
35348
12413
73559
58994
6503
79247
83934
59450
34461
59766
92372
43575
519
43009
2477
19281
88076
89561
64516
41378
84759
44435
42659
9386
47374
18581
53122
19087
86915
37666
12230
93332
30691
84516
9931
42005
58283
66197
99356
33372
62363
27626
90335
98084
92195
93
38670
21288
66105
21653
53375
19078
13645
41460
93734
6325
96628
57277
66960
62144
9312
95935
88784
76510
51665
32707
77975
97903
10308
16622
41020
60982
10409
61843
51355
9742
88595
18424
