69496
21945
94571
58229
53236
86097
9904
64489
15752
2888
98408
29631
47651
98465
59897
70205
78169
44156
18688
22917
14665
45721
71330
37575
52140
64185
80497
2417
279
18981
4062
53314
67917
33288
26614
96732
68645
86295
91674
86007
17779
6418
32319
90578
62677
24514
48254
52196
59068
58625
35704
34961
72053
22714
36810
95480
30163
74213
36841
64713
8155
93589
52603
12436
36972
44941
88562
75068
85129
5932
47877
99723
35396
48234
22540
28575
62888
6874
45816
34242
67971
99983
88460
37719
37998
11771
60284
21936
29435
22739
38913
94045
2650
23278
17078
4158
44487
78444
41203
47866
9108
57715
24771
63304
73551
81013
84132
266
50575
57901
44986
68762
86848
82632
3248
40253
51625
62209
58604
30100
59190
65957
92750
35249
72935
89781
4101
62854
1620
21929
92398
4729
69115
2289
41034
50484
49000
85143
98810
14296
53408
45441
96506
29650
31305
18354
82583
3334
71225
46000
85198
97992
78458
47968
60579
99049
78999
97197
19706
48942
79142
42280
84630
50717
16018
39017
49324
49233
11844
26708
69475
51436
18413
80407
12906
39980
56114
70960
58133
854
15284
9035
15958
67311
37306
62696
3956
970
31358
43131
18475
80507
99634
99501
78015
55210
82125
18592
25662
98564
98229
91504
29234
74091
58474
25173
24223
28525
22029
67717
48383
91602
53419
45942
35735
42990
20170
91681
88790
58647
32559
34370
30538
84753
5258
41596
90718
27333
63007
19290
13972
84400
76177
29360
19707
95928
11404
82815
51693
40537
63823
93015
59080
66493
52597
94999
49031
64234
69567
8624
45020
5716
16639
52455
20876
70868
34147
99769
20359
25169
72669
92218
78306
90427
6219
88950
43955
57239
88007
78232
48168
79219
34061
24328
86533
22523
20420
3759
87512
92644
93643
61687
55482
43974
46594
65678
8261
40967
94386
31433
88237
93426
70490
35620
61180
89767
25975
64807
83021
11372
81775
67301
87332
17825
82682
81246
61801
15952
58413
33028
43615
22787
56004
89851
32133
99536
48171
92858
34729
73392
91882
63534
13604
18541
30699
43837
84182
44473
35081
51175
25470
64059
279
56137
59893
42437
77737
84092
15976
87489
43203
31546
33681
7945
82077
47841
19569
49974
83439
75183
29292
42193
4895
65453
12640
26693
49028
63305
3747
25717
69462
75355
7705
25705
60084
64745
45615
65380
12881
92902
39191
35889
83099
12533
70816
26556
45866
16043
38737
86269
58786
19954
52993
76270
34469
93290
41942
66558
75544
6859
25561
61918
26896
52357
50930
51161
1465
49832
94214
67425
23299
23295
22345
12612
6345
22967
85537
12894
44319
20894
39705
14919
74583
86983
89150
40237
63152
76298
52250
36860
50076
46151
74122
22042
81933
69995
45374
90576
33947
90251
83981
98050
70164
91757
61747
83135
20993
