42303
47940
68366
85805
42346
15467
73119
87809
20808
9095
15287
98212
35293
71693
88833
1723
60804
70290
1715
88358
91096
62929
13504
8665
28639
30347
442
28779
78772
69768
9383
79047
26191
11195
95679
49184
30355
7108
79488
93538
72148
98959
63917
36995
35972
21146
34378
8441
22520
95860
77772
54213
74523
37185
66465
61740
72207
87034
39068
95143
36827
85361
65594
45520
38805
21490
57366
40157
70093
47013
79717
68009
96244
19727
69840
22477
48968
40601
52044
66382
76029
38728
11415
71440
75849
39371
33552
9001
69004
67060
48947
36880
72185
88957
46353
83251
11622
69772
21896
9384
16460
45425
5604
63579
3291
45836
67569
31463
20542
3051
40252
64736
35110
78705
15045
73452
28501
5555
77475
51730
41706
35515
148
57322
64516
86223
5855
82868
90484
18893
28393
91077
90051
8525
82032
91741
54877
99144
11238
34963
62009
69910
27758
36625
64455
47507
79276
77692
43765
60635
66828
82316
96317
5941
84403
75258
17582
67884
86905
77559
63381
24792
71851
85305
80999
21756
82972
98384
84878
2952
89347
16439
46223
61598
41333
49190
61748
64562
68768
1189
69530
21706
32481
99899
40409
57829
23458
94147
39211
96376
92084
22080
4923
58867
48516
95079
21676
72195
45405
53403
14339
29264
89531
60151
81010
91942
2983
59811
58177
68817
59828
3689
56123
74882
28884
91138
20979
96271
2135
96010
23857
1430
20770
10706
26524
15489
34056
9108
92101
19077
10024
10912
67566
26404
42594
4277
76246
47827
20535
29356
79203
17302
50908
94542
91146
74984
49690
72646
96061
19478
31430
56529
26737
32075
54104
37586
10571
20710
34474
37442
92327
37959
1615
32868
96677
56233
47373
631
89777
30760
42360
32389
29420
92260
18637
50808
8700
18687
1127
98539
91373
8320
99842
33886
28002
4986
24042
77796
35837
91526
39006
76439
82118
27500
72711
17899
11131
95361
27695
53600
14132
29226
85344
28177
84850
60575
59322
13577
65732
22283
42256
11413
58006
58320
42175
78805
86582
70887
44812
96332
84996
79973
31289
10262
5845
75417
3268
91641
44644
93137
88412
67572
45878
34717
28865
41237
25672
25419
77879
13767
9111
58449
68518
9384
47852
51914
11026
83736
49474
97431
46706
90381
25141
487
15086
92644
13609
36113
94426
4178
45332
31998
97865
55352
93865
23140
16624
69973
10978
30188
31417
27061
13609
63029
47712
72903
42915
87634
82094
89741
19898
53774
21327
79660
6885
11280
16530
79651
20406
83833
20189
21689
7008
57162
89546
36815
84578
96259
38945
92276
59380
69126
98227
5495
39534
35418
60881
9527
14928
16844
29479
96023
62641
24207
69177
46381
52807
9796
35512
42713
12463
79381
7776
74259
99802
59643
59377
4221
61109
53919
90216
60856
73523
1181
5210
74674
28569
56133
99405
89276
73445
88348
34802
78106
86524
43615
93282
5044
44367
49479
88052
3722
24329
75880
72121
16132
47608
63187
11125
88455
8149
60892
74105
62819
17617
90677
64353
3849
73982
67161
32423
97946
13432
49606
17251
94203
27566
12929
95168
23749
1937
3325
50651
44728
10296
56342
31866
91184
37548
29944
81063
77455
39799
44509
264
40058
75364
63795
31165
80000
5139
53147
30453
50197
98492
88526
28268
29149
62109
83578
96741
22499
96001
34282
91840
8905
23055
28516
30457
10842
23436
37356
14557
70171
97038
70566
28809
2817
59007
8217
59585
51004
68394
99822
77577
35056
94533
84696
52708
13956
20634
89229
35590
10451
65940
94194
25848
27040
35747
33302
18600
37223
79500
6485
85418
80815
4239
48124
22640
87707
98774
8716
7777
21855
20408
38807
36056
55792
22727
30120
74620
97396
13308
81119
67960
96377
39164
62298
18870
49762
5831
92207
27356
62363
82686
85205
50819
13229
41006
30819
63888
45389
67101
73072
60530
74703
17840
84122
86935
16665
44662
14114
14922
11442
23509
92436
26893
72665
72303
63204
82862
41777
96816
4852
53546
92666
77943
66482
32635
18267
52927
65310
80095
1627
66889
95817
51591
21808
54055
24250
53880
56879
35975
90282
17345
35905
29434
91823
73594
58070
45568
40789
91125
10771
58162
50920
99300
80391
2892
12463
85287
53980
43061
81522
48975
68137
38188
10428
35316
47716
55729
87675
37616
80469
8525
93188
89910
93413
79230
96756
20306
42933
9987
13458
12223
67500
99521
23920
27711
40232
15600
93519
71770
47061
22469
84738
96566
26811
10684
30283
74606
39089
62945
45730
66291
15152
84571
88052
78332
59939
90422
10632
95467
96922
71468
97885
51230
89726
37616
38575
3438
33055
47158
53240
77128
73449
74178
20307
59494
27252
9196
45371
96393
99963
85548
27283
56436
19940
88679
84607
94952
85534
88406
87023
62136
11945
62320
83323
56488
78991
53812
35434
82119
34737
6421
21069
13766
21948
72417
7496
87796
43226
88624
40465
79767
20068
24742
65073
57161
68885
58916
327
95949
18042
54770
99404
716
5702
15009
27217
4753
41346
75264
8164
53917
2977
76830
49010
96903
11602
86358
96902
62804
60655
70972
34447
42479
17906
38242
57664
86693
1831
8487
73361
95839
2428
9021
5347
22941
27700
41621
44769
97132
42683
50409
97250
68579
14741
83654
65162
77280
92080
88180
78768
57466
4407
95460
93947
96546
14856
37973
93861
37691
18589
72066
8482
99443
64838
71212
67129
52029
95096
13663
90897
18957
71679
29795
71783
12751
50735
16834
33083
96836
48760
92816
98507
24314
14872
54364
49879
84006
51338
96722
61924
74913
38236
69867
68956
38428
41470
41618
66802
85058
94518
98515
54371
12329
11921
59490
92120
3379
83220
9764
27976
34343
70705
56734
23131
29639
14260
91001
2761
67311
35901
40175
19360
46921
18184
90997
5220
70607
6632
41188
24849
19614
64658
45285
89629
41523
19765
28889
13464
84325
12744
91938
69653
53886
10748
37330
418
15319
71760
1678
85651
77839
52708
60478
31166
30408
