51051
34342
41086
11559
4181
18258
97257
14738
34990
86491
59680
42373
74658
22196
37230
71180
22099
89115
27699
71381
26715
30163
78293
9952
63309
46720
54638
61955
62361
73118
24259
90007
35310
87741
23732
4802
56697
3165
56207
97761
67692
41571
16863
75058
43450
89621
42754
78492
91103
66040
34553
795
67485
74435
58040
35884
20353
59647
16125
75857
19363
77373
83197
57761
20652
62356
80602
63855
90002
950
80049
83670
58847
12079
43663
34494
4144
44313
9828
8557
49785
96606
87920
81293
11014
18123
38777
28181
57660
94572
47679
88919
64957
87754
90631
48454
83786
54655
79475
66146
18756
1458
87090
24674
99115
79507
76820
49660
59367
46324
62742
32307
13477
37793
73948
53438
75993
30590
30236
69105
64994
93340
13399
37931
55339
73208
38403
74619
20781
17392
38083
69487
90962
42275
44152
57882
95220
74692
56528
41505
20388
14713
14269
73475
38567
92534
84481
10179
35131
37394
50885
28883
40343
42883
56713
28575
2000
50939
38582
9267
41399
28766
12207
58921
23840
17566
33541
19155
63294
50613
18377
64065
74730
16830
6237
57904
94627
94321
28932
67279
32335
70809
20152
63823
26271
86708
52058
79655
45616
55078
90659
66273
9198
18810
1369
54501
56019
96630
56926
39231
41805
29978
67267
94479
20030
44597
93529
53230
77117
56452
81832
63704
90906
62632
62232
82074
16638
14787
7565
3480
