53845
53978
59608
68945
84246
21751
47220
69190
52126
16638
91859
36613
88946
67223
69049
68249
13013
36965
7840
83705
82462
27151
77176
9887
76779
83980
6830
97544
29935
44202
44426
89063
13126
95067
1362
96070
29930
20125
61548
79930
12766
14405
32417
40801
41671
85223
30141
9115
81915
40612
95315
56450
40753
80944
11486
90632
72824
20286
85122
39755
25476
65867
48496
37528
53571
48292
78888
86393
5165
96981
89657
90364
35194
879
20676
47586
98861
99125
3487
40479
58318
80484
88629
28373
96566
42140
14346
53448
8579
20943
33436
53054
38667
73188
83846
59861
50190
61832
35934
6624
63524
64947
73374
3584
13525
78962
97440
72027
65415
37111
34114
4347
36146
99449
59784
21029
42320
52360
225
12628
9616
71281
17666
88499
66953
25834
87247
73140
58828
9020
54008
51887
90866
19818
45120
72665
60020
53250
7064
73184
3354
3326
68458
67457
70603
64855
42098
66439
66691
47080
11335
46017
834
63770
79575
20158
61889
2417
67248
53479
42080
6834
52315
66937
95419
37743
47682
72573
15867
68753
51122
80870
13160
34753
69404
88103
33628
38931
78998
11054
88595
29231
51423
74017
95327
20989
64287
77843
82808
42220
29260
67779
51376
1024
88169
73682
35588
44022
84777
74239
84398
77172
88689
93408
44279
3186
54172
84415
56171
59679
60568
15183
57669
12370
43277
44393
92937
66126
16254
87175
54320
6736
6984
90428
70558
14392
12295
5327
30447
48178
17176
39378
14096
39840
16281
19043
33195
48198
3789
29598
10426
97361
18587
77116
64956
55748
95158
25069
48581
70241
25784
9742
303
55665
40103
17862
15631
27120
10137
30467
55138
1592
5972
52076
87687
60104
14542
24834
56198
38864
79059
63096
11597
35932
94853
70956
23868
56379
58238
4609
66614
28811
94993
23290
18200
26370
78446
71861
30598
34715
96164
80034
73665
35867
15872
31
59125
52384
3508
94609
56910
13637
79187
94113
41386
84788
18937
23601
90281
45577
60264
64217
85090
15038
68781
36610
13456
74968
12288
66109
2985
23533
77834
69857
52814
60241
51169
63648
98558
20540
50159
25221
6726
20057
66641
8493
29363
95341
73691
89087
38440
44386
79289
61192
98635
15280
3472
79031
19545
75591
98306
92306
62874
5691
58097
71347
66319
37836
33499
36547
52488
11280
899
53874
7314
79776
23984
66064
32174
75196
70191
47626
45180
23483
28212
29188
89462
72052
16830
55439
34745
44802
11672
40616
48798
6135
36475
28749
10952
37312
79569
19324
59061
56753
916
1738
24151
35181
75061
97565
43581
74451
95961
32807
7946
38312
61150
44639
17127
41854
8443
10494
57076
5950
40965
70482
24441
41815
36109
77346
12859
30658
38919
97567
31403
75825
34694
68771
45752
8756
36259
14058
82212
2312
38045
99849
74900
35997
8858
57167
8865
62466
45131
58358
85036
67982
62061
64838
29487
20302
78444
88103
65966
50022
27874
23936
10540
17382
8125
42929
10425
93099
1311
48617
77449
83118
77471
9445
57888
70189
17741
69798
81642
35060
67666
37998
3943
54888
22133
36566
46691
63216
81978
31503
40484
23392
60006
84499
88252
23939
82590
76935
71295
82596
54284
23088
18542
42681
45987
30638
8433
69453
36154
34105
97476
97544
27924
68567
34280
67838
33441
69304
21338
65457
10557
51470
90785
69315
72790
21964
32225
42940
48747
50521
79788
41427
85295
50897
63512
99453
66765
12121
91052
84656
36998
27869
30356
80019
14646
44839
18484
67140
26292
6718
29624
62885
62072
40249
67978
72356
48887
23038
30173
87301
25257
76316
25638
44046
81580
64929
16939
4239
10209
90809
86900
35179
69364
64004
70205
18760
25978
83666
557
34063
33811
61661
32129
19456
23054
92547
46306
30166
908
64575
3573
61874
22364
13219
78993
84679
72230
28628
81995
33793
82787
81410
47565
86962
66601
65667
18309
35963
63333
28715
95065
3411
64801
42985
76217
57399
63685
75105
74381
1422
85401
40193
40365
73752
3369
39779
85263
61203
82881
41342
12187
83913
80024
56105
91771
94777
46953
74509
72622
76128
8507
37062
67196
75972
41123
63862
85411
3069
31392
75526
20111
92672
29380
45690
66441
22953
25426
14927
33158
42501
42178
59603
73824
81818
74402
37921
37763
27283
37911
54040
55485
59147
67393
