78369
84045
25711
24994
64438
47651
4595
32234
44522
1406
12701
48352
68084
76714
62693
25078
8178
70787
5049
29709
6387
24861
21849
62023
18975
89757
94835
24729
85636
84900
38870
50367
55678
35948
48277
89545
58561
72683
77146
64787
87622
36469
18116
68851
95696
11646
23422
4651
42330
93852
34365
68159
27391
5195
63766
97216
99941
86794
94938
82727
90278
13538
49840
19325
46109
7239
32301
34487
98602
96503
92562
71679
95330
67552
80033
9133
39094
19582
79357
42804
12989
5570
44830
53145
52353
7342
39758
26847
38723
94236
28963
57886
29004
43071
81561
81970
73042
77761
58795
12431
90819
61867
58350
56465
1488
71427
74123
44722
51705
49871
790
60149
63825
62137
22895
73696
31502
79019
95253
50598
69455
1369
35842
50690
95978
82685
58599
37408
74929
54974
91780
56533
8704
37482
90820
30575
32742
11618
77875
59494
56686
72117
68189
97234
7241
47524
33733
97942
58137
7205
46622
827
68476
82340
39658
6167
98291
74051
76
11116
71790
36481
11596
9037
83383
92249
92487
7963
90871
193
56175
5518
85385
91539
80230
35726
74265
83497
59667
80354
77623
59745
639
90335
3358
15936
10735
51906
7004
95219
25694
30618
92126
52048
48309
77244
19162
68603
38026
35801
58360
76389
22355
76717
49053
25934
485
96750
26581
75563
56781
3781
74204
74947
55274
32505
99338
58515
3942
24582
99769
817
73199
61805
47348
28814
9878
42373
16317
25717
69090
92335
92283
76592
34802
52647
15199
62793
72014
87126
21585
80078
93544
8837
37852
97614
43797
12076
7122
77312
74530
21160
26173
93186
85492
16906
64740
85055
39328
99628
6454
18282
99556
639
72246
68327
38240
76225
19074
78025
54260
84394
72290
94710
7608
9029
45418
15910
82226
1243
8236
22442
20247
83882
62781
78858
7297
70261
51586
30791
64809
32918
24023
45151
62338
11439
40411
26542
71378
68861
8732
51185
9613
4333
94842
71943
42735
64297
34395
59120
56310
55339
83371
75639
50042
31954
90893
57868
55242
45746
52418
82474
67973
53478
75956
31671
32049
18177
93696
41194
37467
92130
14527
60550
28619
76453
18191
17573
56739
67349
27458
47184
93621
37472
87459
35786
15518
8772
33184
61933
93731
15781
53784
29804
74150
89504
65699
81879
56517
90201
17112
32541
73935
1553
30175
38220
23108
67380
44884
48724
40360
8526
31380
84777
11651
59229
4104
15783
97912
39362
9291
10992
37056
82673
47545
36753
44514
8872
27926
31682
66034
74685
71159
48684
17635
77744
87441
8838
57962
8447
75901
2264
90801
88055
21317
7168
67380
95624
57678
59858
76059
90802
54049
53210
22709
42620
76279
94717
75565
23683
35905
73789
89580
94639
4018
38108
71051
33313
76969
35512
32562
44137
21214
55573
81746
35765
64872
36024
48252
70819
35593
4911
86364
91895
18200
35918
76341
97448
69928
58932
