84295
74796
65656
99187
43803
55627
80134
6147
34580
4498
23433
6010
86411
83519
63718
75690
18719
1360
10436
77354
32434
61238
66263
63990
50272
98882
18468
15636
35485
91931
89009
49809
10922
2130
4427
45130
18740
57133
92626
71783
79497
10240
18629
43681
99351
71386
76773
46021
8835
53786
873
35760
6499
89762
28926
96122
81849
12516
19640
67183
77228
2362
47930
46072
9764
73362
58814
53081
80834
61573
21345
19315
31898
86665
86382
58409
75598
6588
45925
91360
74568
54241
81448
90432
29235
89767
79010
54167
9879
82276
34389
85949
92463
16962
83934
75794
72808
60080
72742
28707
57081
59161
83464
68971
23418
59153
87226
77078
85442
57675
13402
98529
27201
27399
60214
86749
26934
33865
10232
15859
39854
80550
9804
96001
72410
44152
51376
77506
67019
38768
15319
79564
11117
40138
58969
33491
58237
68060
82299
3083
89320
16009
5782
35882
29538
44690
55527
83020
32448
85420
24978
87984
48050
2765
21972
96512
42912
48799
23204
93422
30176
83223
56068
11129
2450
43839
99466
1359
76504
18767
26693
99949
15957
50523
43919
94753
14944
19142
11726
53968
75621
35156
7750
2164
38552
86653
54687
55773
62423
81437
28686
15673
74044
79048
14690
2126
38203
52891
61773
95043
55198
56557
92590
78367
93947
61317
2103
57705
2862
24037
56480
51342
4440
55716
79847
54657
12404
61850
62529
99677
42450
42644
66018
10150
3986
49223
19621
55054
69886
76289
26392
80659
33540
55323
84136
88869
1871
41226
35044
49894
83457
9909
92560
85482
67407
65057
93481
17565
63033
78568
96591
71076
10276
75369
80692
32731
15094
67160
57472
58718
95246
14102
9951
63331
43133
45563
16711
66981
20901
83408
68553
2779
33324
16409
96691
65895
28508
58735
70656
10411
96379
19436
63613
85493
8610
76064
2393
55803
35581
64480
35048
27841
23390
56318
11572
54104
60766
37971
84161
67648
26064
66073
39802
31758
49379
78742
52829
77257
61653
98194
85248
6638
50255
90409
15071
57716
90337
33756
45764
36234
97626
60866
10225
1852
44995
97916
85932
71604
35129
90087
61479
3101
10822
65002
6956
26146
64763
30862
61698
1845
72044
18893
4318
89804
16392
60260
53320
6502
31955
6178
20649
28236
4546
35811
55534
71698
16722
8214
33884
64316
17957
32057
44528
797
84890
59558
84465
5915
48328
52295
64629
57263
86326
45382
70732
73608
61722
30079
33101
15695
42125
38294
24444
84837
94600
26213
23316
424
48829
10766
36118
55028
36371
2767
54126
17639
68895
84723
2463
21597
37084
95365
47435
62362
67784
75263
34336
20678
58010
33120
31042
73458
7139
68828
42033
91673
31936
13038
41687
55425
41593
23209
89936
32929
53305
79660
82838
56028
33355
42035
59112
53644
35885
6986
38455
91418
14772
88349
84173
81802
5052
68426
10522
13203
29609
95544
44188
20203
10527
33825
83146
14338
8570
3883
36221
71653
83595
51636
87900
87139
67184
91147
58690
40492
48175
78044
21230
34485
53390
4579
33031
59063
45874
26434
87242
56536
87731
28525
95442
29601
5368
37091
25634
70030
95828
58391
73169
45925
34620
18348
74003
41438
35811
82047
80992
73377
75861
74750
59588
62348
13388
54551
53987
60499
46578
68491
57446
86818
71412
4097
42181
6303
98303
91510
39059
72746
10043
89426
78465
4966
84384
16215
26000
39121
7192
84243
85527
65135
33907
28404
84524
36037
96417
29627
49139
45953
80752
47401
10497
90167
57218
66614
77515
1287
40425
40768
64272
40538
20546
70048
18207
79082
35084
70841
13223
75233
67427
93098
94201
40474
99454
72547
95387
98916
94817
61012
39532
44325
62175
49184
53168
65435
7343
47376
53655
5022
99786
62245
48334
88609
23071
11173
62401
92087
16691
27095
25483
40914
49560
13001
94332
16582
57417
7694
90149
82508
71935
31238
87267
16739
83987
73973
50982
30545
42001
58581
85533
20136
82165
4071
10592
10595
61092
19813
54490
41487
89930
54643
33521
48391
73995
19572
22034
68727
51688
64409
57150
62210
56497
61780
4203
3679
71553
40011
34104
48766
86778
37223
54770
39049
55390
75084
75740
46053
5095
51523
72990
35448
9956
96563
30188
95876
49264
31407
94865
71729
79984
55593
97817
57546
14857
84035
9208
1693
76380
75846
51098
69574
58815
53100
2984
84741
8346
31383
8755
14347
78746
35365
43393
26452
24021
13531
77841
1614
17115
26270
94028
26425
59701
65472
63690
67846
41084
35479
41182
27841
14553
86570
38176
71211
27957
13925
9109
42016
35548
66733
98588
89464
6514
11309
29591
72809
49970
67309
87412
59593
10783
21540
63128
29297
73897
76868
67815
19773
88447
59316
86034
42640
48107
57308
1725
85140
84014
56569
23339
99071
19928
14032
41833
19217
71716
40159
55445
29562
66702
69007
21929
80760
55698
42502
5543
74270
53698
98681
97858
13777
2372
74590
90246
46284
78214
96159
34566
54883
13599
47979
1440
81444
75779
50630
29871
3609
34370
74977
73165
14410
89245
99332
48067
76032
16070
58664
14702
66852
71636
35425
5487
646
62112
18968
8528
17018
63071
52759
63726
95004
11995
55870
28391
12628
55312
49299
15874
21365
43137
72309
49269
90463
37556
26321
57430
55620
34865
58861
2978
5032
42482
71458
93700
93473
40231
29288
