47481
21044
36086
40903
16199
59267
39375
8483
78539
1548
69967
21301
5118
32805
56746
84155
37751
32436
1652
89795
85144
10771
48483
34463
58084
87421
67667
22597
38735
12792
6947
8422
17806
57791
44828
62217
46350
81290
79346
48067
13504
32796
50179
72276
67601
63305
34813
53889
98584
85954
93212
74858
86537
33471
50801
99880
75943
21415
55070
76901
95862
28031
49405
68983
24781
33837
50209
55034
10666
39271
67188
57001
8640
24893
79359
12473
89708
22624
81160
87154
37061
34861
10390
9579
1554
60410
95312
27009
30581
11260
72419
25844
34725
83443
93826
51486
42201
77266
79880
64400
88960
15374
10937
11786
26894
59779
11526
20375
56113
98078
68303
79907
6466
30218
16259
30458
56150
46682
24707
43167
84180
11728
84229
58917
19329
59592
66005
74477
84215
53380
80309
71933
2324
91252
63268
57241
7023
19393
56253
69825
58085
8247
40822
20167
84146
28205
35785
41451
25083
74802
83088
84757
95687
81142
33065
59822
56366
89746
30905
81947
79818
30197
18797
83607
72458
7659
12571
23563
86854
54060
52007
54349
56876
39359
14114
1907
43288
65609
51020
44306
13891
15798
25434
74007
26387
70083
14675
56321
29808
79141
96404
85401
11958
24857
92851
81808
76230
87945
82753
19891
14039
37976
45833
12781
30634
24714
24245
85178
98587
65107
56335
87747
19603
47099
55781
53818
73050
37290
44838
33523
59114
38197
99433
75934
88863
14245
64844
61501
51755
56545
59706
75142
582
4568
19302
1814
90050
74381
14772
90224
67612
50527
13623
51537
35887
59603
81205
81041
48482
14464
14470
12153
76962
20567
59739
19163
27146
61101
38620
45138
32414
17575
59210
6295
32152
67073
37155
24573
8345
66171
43843
19594
417
90016
31048
18578
51386
23444
8974
94225
20462
47321
3736
2821
28698
9726
77680
5702
34426
71653
12326
83555
99683
13967
39733
1242
4815
6407
80579
89748
23763
3239
44615
95995
26733
65547
9060
120
8857
30352
63284
56141
32675
34600
31584
45420
62390
75806
5291
98962
89267
1440
69423
51972
49438
30350
22079
43556
34802
60605
99403
73936
1684
16616
87714
99223
58820
72211
13746
77945
95856
54461
41387
56314
36868
30755
82529
57218
2236
31915
92208
73076
98618
92659
82394
81033
56946
58230
4876
53704
61090
59544
32575
98181
89375
99759
64313
15059
6251
56430
46356
52487
55971
60782
23895
907
68629
42811
3456
31483
98094
93401
52035
99103
9169
59698
38284
1189
22628
23165
52320
90427
51845
17835
63905
44198
79418
71697
56785
99586
31877
56910
58414
75223
19030
83064
93660
31796
21818
7271
92128
95754
76626
36605
41928
33928
8798
73488
58696
87534
20280
72342
12351
13840
42046
52876
64344
81033
14823
57731
77132
91961
87030
62503
30309
3357
68204
29197
70462
67594
64728
32249
6662
4293
99370
62441
44387
28513
98277
75810
57971
1622
4050
76981
7085
96123
71185
61069
69510
49633
55659
62231
76656
73419
71555
7406
9917
2285
58794
90595
8993
88320
71250
30342
83061
22879
22426
39347
42136
55201
73192
94299
97712
17395
3414
42318
51790
75697
3107
37442
58223
92449
49001
9955
74335
42029
38478
85143
85785
74139
90260
13708
10761
91082
79308
71457
41010
80491
83208
87534
49931
66938
5069
3760
77604
76791
29735
66997
66246
58981
96854
18848
68185
4479
15111
81338
58335
84626
88926
30710
98333
99515
13582
8222
81050
93181
27819
91775
14080
47934
34070
57070
4864
13920
85528
2645
57170
80407
16106
93695
94521
16588
41425
70555
45349
33101
85991
81712
67858
78958
99092
57982
5742
5280
42812
50092
19928
20684
57393
37140
51844
34285
88553
98215
93467
39335
20587
55966
13823
56904
87011
74558
68076
25209
27061
63719
14105
13824
74638
2617
19198
13142
84629
10564
71504
61920
83713
37610
21832
26188
85796
15411
95457
73802
83685
27469
92032
65220
84236
542
80910
34748
81398
80712
95521
22176
43976
63543
97497
52940
14912
86218
10246
64253
46150
6267
86534
90605
33890
44205
43788
77584
85512
15953
8796
65258
32878
98453
25491
93899
91326
330
