2501
59892
80018
68509
37055
95157
50429
88297
76242
16662
92512
54581
25957
36789
73031
38589
17963
66526
98484
60222
80191
23066
4939
43709
41633
72773
20954
47392
84039
24892
57218
32825
36290
58901
30534
76099
15247
66153
62415
73797
5142
33484
20281
2292
17122
58078
38270
24726
71037
75673
60189
58208
70887
6026
3207
32480
48692
74301
9381
27287
34528
43090
35689
41310
73295
48780
63024
35337
96612
40935
21521
99657
40158
22825
78021
76588
2858
71793
82387
16319
48329
20300
89366
82515
94752
98535
32461
11101
43190
20575
35327
23000
83021
45588
2184
16357
64224
90300
78981
73138
89205
16659
34040
12313
34526
41520
52280
29055
10962
8084
52761
31645
93828
99739
22835
88315
48285
15796
13617
25912
25370
32653
78521
20743
65828
43304
2643
1683
45640
7114
25719
6370
34867
74258
54072
35192
41740
28583
87783
73171
10606
85865
40261
34035
1344
50026
88776
19196
8434
62134
21929
17108
18550
23405
59624
50056
39833
36561
89021
66731
42973
26746
91196
83614
17940
6951
77988
16330
22395
68496
44548
15498
65040
89847
82698
52294
9138
52828
53962
26
95316
92751
72839
53686
68797
48353
27393
7422
45151
77683
24475
90322
21457
78448
80935
50120
81292
67063
76945
84212
66815
81424
61573
90825
50671
21439
49021
95738
64334
46998
25899
9466
35190
1189
29376
9153
71554
72589
61687
58511
10730
78387
42080
38763
19290
80944
53484
77797
40557
25796
11154
80698
33771
20522
23613
79541
89980
28903
29714
16370
89512
7836
15233
17342
23373
86875
62215
9146
99739
82999
46717
91679
88111
32724
44194
379
12362
72573
37984
14617
93134
38740
94781
5951
28884
14404
54656
3793
97997
27730
42525
98386
35443
12626
34815
83435
50923
82966
2353
68868
89594
14657
78377
1040
40705
86714
40882
79909
79446
27548
10261
99048
7136
85962
77187
89511
58863
82112
61666
49280
75317
2148
46289
45760
88837
95900
79161
55717
36935
82521
57138
71620
60725
53360
72623
73639
17845
5289
14535
270
64370
16497
32801
79446
86873
19722
9403
53239
94606
42307
72311
49480
3977
44034
33603
80797
78801
16125
38691
46352
53522
74024
57277
35262
14014
90696
73345
