75051
73033
96784
62242
15527
75927
91176
56051
75057
96310
41713
86958
75258
97469
57825
27516
70550
3213
46923
72243
85530
14274
53033
55164
56048
86252
9157
44470
28948
25079
55460
77012
65839
57157
56239
26241
15693
49118
11359
8644
89469
2270
36133
59550
40356
44301
31348
70256
69599
95947
94412
72250
66995
51754
38979
39454
46994
72118
76337
85027
79757
87919
65400
54038
64848
58647
20878
75978
93983
48871
91913
70368
12811
98588
99046
90274
5104
91695
64406
40937
43534
66274
21862
53022
62370
98837
5161
68509
38145
19577
56260
2326
34289
45468
38518
80334
58883
16803
3841
36866
95184
54358
76985
3499
78895
68980
8136
51165
3089
3687
50300
69449
78681
57267
10030
53475
73979
98920
56976
16830
12048
27224
1522
25394
14515
69442
94960
29952
30683
70411
14332
87564
47286
66958
42947
14409
74814
12331
66015
69555
92634
22523
60729
50358
94068
25796
92344
36812
3954
91431
54442
52547
82228
71735
82414
44092
22985
7172
96860
67248
69965
83445
85202
28077
17955
8565
95132
38430
94507
23524
27934
55625
63425
13870
49249
54386
16114
31064
23448
17373
47771
61878
72205
20721
13503
36570
64045
98359
24197
10760
81997
85538
41868
31908
86776
11496
24300
89645
17430
22447
37707
56419
58426
27171
51672
99011
72296
5795
50823
71571
82881
16379
13866
30681
72620
77036
46024
57254
87075
57608
58268
26000
84055
58650
67213
75421
86977
30274
37733
56187
60615
30686
69041
86892
44231
58948
62260
68671
20546
67467
69512
75834
97864
61354
40082
91795
46332
82904
50369
74110
37283
8179
97890
48320
34127
93116
29347
55363
77570
62367
58466
39106
48929
46352
60881
25316
32376
61937
56041
65573
67844
73648
41096
59760
70400
85517
36201
24713
527
32730
49886
19814
84162
92571
6764
3902
34343
62444
58210
77754
79407
75682
83223
78760
7162
94569
92576
10862
44674
17997
38443
50523
79520
88629
83580
72377
36062
18025
88705
70719
98330
26228
25043
10627
26580
11460
72140
14157
29109
72846
90047
89990
99324
41455
60824
22991
9765
13998
17073
40782
68312
82813
80526
2627
56524
94845
40087
69849
47222
76065
26223
49817
29522
23851
35957
92568
23820
8307
57078
21872
97516
31174
57165
24076
49692
4043
40985
32988
79383
82465
69465
14217
847
40452
61478
68450
4347
59758
8685
99861
69723
29562
14504
43802
81450
10788
26936
58569
68287
396
43168
64236
10656
5945
14977
37487
99492
96122
78286
93491
43906
73031
41035
58146
44251
93511
58023
49084
88705
79307
64051
79696
87651
2327
59230
50823
90326
80545
98254
31259
72513
76114
9309
23877
28357
43401
88398
49459
91815
73823
11114
65399
24700
65957
95228
73533
528
72169
86085
48725
65074
152
49276
64558
37887
27581
91206
24324
96490
78055
9005
56976
52549
5961
17313
63262
73391
45851
51752
9500
41946
99166
28483
77326
1591
56509
83710
41598
30849
46127
44083
79408
78626
54968
61405
64308
36422
58159
24788
48885
92634
91291
9
63534
25664
85206
35455
84284
65235
1268
60740
14159
16337
9724
48299
8602
23497
85973
53416
35818
36386
20860
73895
96435
88966
72753
36041
64901
18090
31090
65980
51390
77883
38879
13205
92729
49702
90269
32365
89444
14947
7862
72629
84943
44991
66397
48919
43936
14053
68495
53675
44996
69961
2165
52371
67936
47025
71366
13108
30949
84416
84970
26481
83682
4831
89881
12869
65779
80522
35937
10749
66327
26773
53702
29200
30976
80153
6660
42972
3172
6527
41137
17982
176
31016
83390
73484
46203
64054
6843
50739
47576
46651
890
87401
53126
48796
94027
21550
58114
22049
42535
64292
59228
46396
22121
48040
72807
72051
26870
57292
9993
4556
75165
45842
79922
46132
11642
8199
5866
67371
39540
51129
25155
80688
94278
36214
79374
53669
96955
41475
37897
41567
22162
50486
47702
81324
3105
60241
81767
56352
51798
71484
3028
59582
96089
42909
37679
98272
29517
69430
98287
46308
57045
5595
63465
57043
13939
86094
29854
49038
45771
7033
81197
93975
44071
75943
24840
53465
95892
38208
98724
44213
49577
77056
16714
86699
97639
59314
38314
90625
30396
42158
58352
52211
12034
31468
24014
33655
42949
68483
46873
94859
32449
88131
85488
98718
31689
30347
37207
70999
35780
69864
2978
38502
19410
82603
39148
66374
62605
39110
392
93771
36427
84035
76526
72301
18783
28192
14615
25649
90399
58987
40868
64689
43904
59221
25208
54599
40669
30998
73543
32443
44855
41214
7718
38150
55510
3091
41601
931
79502
49676
84107
76497
59261
71017
23312
90279
97328
78092
359
99541
15813
41912
55139
70930
31660
2852
89289
60103
3174
15996
27707
53784
88687
47061
58451
34090
2041
93291
99467
71382
66093
38585
81177
19944
97942
19155
73561
89972
43577
80803
21186
51958
62652
59071
64026
14180
55496
60644
60741
86066
84009
49905
16057
7682
28018
93730
7053
58726
67933
87334
1232
3731
37808
21376
68629
82692
70492
63991
30348
74664
96126
