42057
7250
91672
66916
58972
65245
6070
52054
39397
73568
10881
95040
86868
72816
74813
35987
73174
18469
46351
40768
9868
4257
20101
12723
1782
81434
91091
36559
73134
5894
25880
52231
2322
36098
75295
23254
9241
24031
87905
2940
47526
41097
81352
52918
96730
6197
59823
59705
70212
97575
23269
97546
55155
45982
89360
95229
31853
86876
76749
57576
20312
86357
19510
80547
68629
91603
33789
35774
4140
26660
70837
81311
7651
82337
56047
17142
71272
91771
43970
44447
12974
72164
39652
43156
37652
23031
44437
50860
38624
96038
91067
35508
16107
8734
24519
14984
17142
51865
11606
21231
83419
65119
51284
34704
56926
48826
38492
33844
74946
20405
14234
68794
45400
82287
27697
42992
78386
99938
5304
50517
35125
6955
8318
80201
73261
89557
84783
22765
97498
3719
64015
98620
34665
83078
10468
78213
86237
24072
61488
51844
21964
84023
16923
50236
7046
52125
52719
3028
55280
18034
