89217
34467
48531
56126
36306
47065
70595
18650
89703
17414
24796
72746
54838
81841
29725
34836
88179
77799
63716
2284
31423
33980
38893
56586
15310
17960
65287
24541
25556
7826
87125
35993
43596
89035
76606
59756
11269
62801
92785
58671
3209
62740
2744
14296
70122
54326
36824
972
5132
62123
94883
86961
25001
64479
11898
7713
20549
24087
10242
30202
9199
82639
38497
26387
88944
56163
59861
34057
42867
52873
52978
43896
68913
90172
94582
54053
29495
9076
16715
42712
94007
19248
2296
18823
51624
12885
85796
61421
16987
81168
32616
24345
26747
78871
78416
91043
81376
77294
72686
97977
28528
72230
30810
80920
79282
80159
84298
40182
85649
40398
69898
21052
80681
21466
50201
71634
81073
26113
73120
62482
22724
9495
29295
35710
15950
11790
8149
51917
84208
58449
10299
96736
87344
76970
27070
45331
82145
84996
840
61551
81994
97354
69610
21501
3861
20366
82520
7221
33302
43750
