19842
46369
61189
41006
52246
24277
35796
35925
10685
51072
16433
60789
32030
98577
91481
48158
49915
58318
84884
22628
59667
14994
78307
62951
20839
6244
74358
51549
73530
99572
15450
46943
39537
99764
94959
39693
55930
23536
20664
79999
86408
27244
51852
58665
84060
60569
46025
80041
76896
84692
94024
12976
5774
52923
43051
5643
49453
63533
85203
65582
26971
89660
16591
9756
56774
78129
14894
90196
41364
62781
39829
91771
29314
91224
74156
33315
94217
40120
95347
86389
82205
38799
1619
6624
14224
86496
83119
50909
55316
4512
57880
7454
125
72294
45408
2867
96356
13230
85702
67737
52680
27600
67920
60704
270
54263
79991
84631
13098
71233
32668
57782
3510
72402
64536
4807
10559
33333
83633
70929
25503
44272
26601
70371
98692
60707
54225
50874
74416
13277
15930
10735
96538
99803
47244
85408
64305
8094
77807
82137
8321
14472
199
27935
96462
5298
81213
54521
2269
52269
75416
36347
81906
94867
33002
82000
