76308
94879
5823
12902
89174
66139
31846
12144
63785
62657
91199
45968
82044
21260
20823
24558
8207
5030
98012
22943
80543
32519
3069
58416
48847
79387
8381
51011
723
3233
84787
598
38780
68559
25408
65086
5051
89459
65966
75475
65492
54677
39234
12101
65153
20088
48094
90188
68511
63743
98198
59421
85433
9580
62828
17208
94576
1795
61834
25726
95556
47726
21148
30656
46913
65338
44583
55315
84104
702
93386
69408
15865
90587
64239
81688
39450
7199
50510
61636
78695
30596
95391
60954
11446
43350
90873
73803
45221
83793
56460
81882
13506
49288
36216
94407
375
57666
35720
48297
62705
80447
83310
62939
66891
45337
42171
2477
79324
34150
62203
88731
32601
91129
14347
55994
33704
7976
66521
11567
51010
70408
78551
6522
73700
39316
5946
65711
48531
2093
78197
76773
55369
35323
26605
39623
15456
60594
26681
43433
17594
65648
47289
98293
21739
59426
27919
73538
37219
82662
34910
70886
82236
55851
35038
6242
13340
76725
47896
76796
84871
30557
85476
23594
1637
16469
36541
2186
92875
66377
56926
51919
47081
79329
36124
63733
55279
15523
11615
9749
26429
85173
21213
80052
60357
45408
88117
3127
31455
69488
23109
1041
35273
184
58761
44828
48249
68946
86449
16070
80257
51364
94397
23843
30973
13694
24823
67296
30331
53984
69869
28536
8232
38009
36330
26815
83955
35018
93584
30907
79649
47945
26901
28243
38508
30817
50583
79488
10328
52022
42492
93504
71380
38150
70858
26697
38665
36843
94336
54618
96194
78557
50703
32237
23064
10965
44825
10537
56761
50381
99172
20341
181
84547
99035
86758
55172
53883
5922
34873
82327
4868
47827
16508
45050
87059
34490
84614
41346
83499
45609
14631
3481
7999
70457
46138
33123
45422
28126
35032
63371
20109
83077
3046
25520
30786
75628
29198
65094
63468
96895
23947
29866
66784
3755
36893
35909
74095
5248
18205
63868
94595
72552
70027
61682
75144
4894
78755
40379
73255
24428
18477
61502
57453
54374
55508
74277
80427
9501
15950
64228
15191
33089
12922
96740
93775
84022
60489
61899
81085
30321
11826
30954
74198
96367
89289
48899
24573
10514
24874
79988
15589
47513
89295
91108
12563
20667
41410
94153
70050
64960
91180
48148
90816
51004
53579
9178
27765
80713
61186
19359
25379
45024
68330
87937
50889
74163
80358
48254
50690
61290
44373
94435
8875
67800
35585
14515
15074
55993
48852
15728
38602
64682
93130
76777
10666
44549
58497
15391
96757
32344
81101
51125
69028
70273
9480
62997
5536
85288
85734
52825
67100
81017
38503
30236
14590
50300
56870
6110
1694
54195
22126
6093
24263
94671
7853
78551
31899
58287
11968
49417
2228
83543
38541
98626
16580
33737
80208
71225
70813
8290
12045
60775
85581
25683
79940
915
85186
44122
51171
9529
19659
93245
72021
80502
2078
12259
20760
84882
74454
70799
72877
68618
68277
28826
60456
59672
77895
5547
80294
45730
95239
75605
75519
75484
26362
96045
23953
37947
99193
8743
6268
75224
66125
37868
812
81148
44435
8410
97137
69454
83807
9976
98794
82774
28956
51476
37152
13901
83089
61467
18127
41379
48128
2517
98271
63181
34216
47386
95345
26217
3530
75477
24404
16463
85192
89587
2008
64918
87721
46024
93178
68767
39642
72895
9213
67522
44655
83003
1498
4852
98982
11566
75534
67474
54476
75605
24274
62732
96921
96783
34504
92849
39415
98553
87665
94770
17216
87655
42075
9206
54533
12288
45048
74810
64843
93975
20938
42338
56655
21217
14042
38753
63082
68920
43751
91169
87120
68299
31420
54831
84019
31327
19227
62310
91844
19367
18421
58390
5753
24699
35163
73873
18538
85400
41295
58034
65942
3252
57203
30986
19811
21724
54371
39944
33538
38540
35871
20772
39760
14026
32448
48745
4280
40895
67660
19613
26454
75059
18821
26542
25976
64196
32507
48570
70173
64386
53154
29755
24831
31051
43422
17325
6092
97086
56763
6653
27696
58910
90553
10736
39023
88229
88324
13998
85358
90242
76769
36009
97105
2032
3461
75757
1535
39957
70240
25382
12417
9524
17398
265
52746
86415
96782
3712
90033
87516
79108
7061
40153
81987
99385
28281
73873
86353
10474
44082
37559
30108
12990
51839
38968
148
41912
22954
24659
55554
17421
38601
88219
35168
58831
94608
30107
49236
47752
79222
33972
10314
68963
41122
65761
25934
25507
9011
92988
72323
91831
81449
21561
47650
5701
58355
87056
75506
65508
77878
54008
16704
29638
44278
72591
93051
16273
96772
92278
52495
75567
25060
6137
58813
13819
77274
87660
75123
98716
57809
55953
57581
26735
78311
69431
74119
54524
3993
76476
76605
82091
23110
75506
81826
22959
70690
80000
73401
91840
35194
1183
78196
75623
78846
18661
198
53906
22192
70271
93127
81703
55080
36086
36164
10581
96705
27828
13632
61446
77604
86369
43691
53137
32623
95654
9084
84269
90337
50898
49358
18175
45732
93658
43413
71668
70680
43707
55548
30154
28952
29884
15677
31016
24619
7887
15740
42799
64490
14262
61888
74888
87209
81922
526
64380
17891
79574
39843
1955
95558
6378
39214
1812
43256
70380
41
78139
32549
35072
78738
74568
42022
32232
34602
45508
90480
4351
51849
62399
37910
3072
47867
7653
33947
83716
43003
26095
43384
3303
45899
83925
95686
63724
42765
33537
54345
57751
90049
92830
81402
78840
33916
8720
78767
82120
51041
27742
62760
