37318
92757
67409
9424
81500
53975
14139
30088
48770
88561
76801
9613
58348
79557
81721
1398
36479
90779
85059
96873
81449
21173
52402
15289
17594
55393
3510
56072
28739
76359
98434
30798
84265
72098
2239
42930
61285
41452
88812
45557
75835
78641
7504
87150
29781
19269
38046
13327
60188
18226
96484
7335
14067
40586
22608
18977
98351
86747
190
5418
57239
80928
71235
56560
28724
30516
38127
30213
87092
96097
23491
68771
84578
88951
81231
6666
57274
65624
34950
60708
42091
42927
1121
81737
28269
54593
65676
96286
49532
6813
18033
77369
43569
24301
74175
1759
22075
38350
20950
76239
28927
46683
60466
77783
99817
77765
45298
5348
26894
44160
1540
54967
50688
48631
56239
91762
34349
69664
41692
59379
90996
55113
95233
30999
63524
95249
8299
97824
94259
96308
31208
26449
96888
37599
95311
95254
97159
92897
43692
2176
29382
81698
42412
62958
28816
79885
75649
97831
79109
51081
43794
21796
39691
59846
96995
63563
6502
99794
10812
20021
98576
42731
81400
33105
47541
6094
54892
75298
13293
43471
50290
42051
59446
79810
99922
29643
68174
10773
33804
78156
84298
17856
76292
7829
20086
5205
36874
76887
46442
51826
13317
26820
7685
86550
91547
96979
66280
44783
3807
1665
75345
96369
35480
36273
70227
23459
5802
84052
65710
75668
4484
36772
82897
39083
50341
91306
79016
77948
35147
60095
20611
51574
31386
84240
74950
54937
46309
46362
49286
54725
6587
39061
65927
42957
62737
41197
53679
33930
33129
15596
38277
87469
48220
21683
93196
13804
57257
94919
21622
22430
63578
32360
39815
15745
56207
11356
96039
99352
28361
75083
30659
51059
52917
30403
25473
25062
36850
80412
76126
58812
21281
13526
70087
99620
34313
36446
5200
52329
73860
86256
26547
89343
39786
49142
91976
79161
41080
83758
54109
67224
67964
66889
39955
24638
75103
78032
84630
29345
12911
74274
21494
38970
84904
45944
87622
41149
13471
94569
74001
41059
14635
97897
23732
76579
93552
21292
22427
27936
8233
90857
47004
50268
52433
64377
39498
58090
41135
56383
37687
40928
6012
63905
42538
59755
46801
85588
45336
93597
39505
87479
41826
74177
32273
33526
55243
16623
68256
46702
76757
24283
85079
63728
81687
45608
51806
4159
75740
46938
90935
8627
13370
16361
65483
38784
85166
17553
52944
24240
42577
91911
76244
7885
14233
68838
44905
25147
84239
35942
72237
69282
73192
95566
91604
78825
52578
44481
69812
82109
59453
40564
33741
5586
1139
66783
13363
44321
51573
34098
95066
82959
36836
34527
69852
74126
19689
83701
33737
61852
32241
79149
3660
21545
97289
80381
10038
12087
17938
19273
61994
52154
94560
24698
52196
92382
9429
23943
65638
76680
91189
86128
66305
80117
64325
99177
73660
73438
86821
49907
96292
71581
84679
88806
90705
39817
15468
22539
36464
52574
92858
18023
95474
53240
33915
87281
4048
60893
12116
18308
17721
8538
10304
50095
75387
26086
97129
86122
36521
6211
86819
74564
39247
56194
55557
82711
68783
83174
