93141
60624
62866
91428
79858
24894
77570
81960
32366
90715
38342
33675
86863
80946
70879
20141
99005
28143
88509
86170
62183
40951
38103
2867
39043
37481
16180
44728
31826
90256
61063
48272
57825
56737
2040
31764
45100
88856
46492
19326
9373
58761
74950
72649
5778
13893
48247
83173
50333
52172
92241
23513
10244
28809
80458
27893
7753
56238
7036
25524
61476
81004
249
64682
53933
5295
86075
65552
9110
34261
45274
85897
66132
18217
82038
36431
45182
70432
9524
13151
50029
98383
24454
69406
292
95527
48867
1094
73802
12623
71702
9170
22578
45596
57650
94402
22236
52654
31842
4874
65140
44362
67742
37693
20407
50448
81306
11186
14198
78904
79545
98576
18676
97198
992
47036
54697
96039
35205
47579
39209
21215
66309
80070
36255
95505
92500
25930
99250
99762
5168
79384
62826
65066
71279
49936
81132
39536
90838
4804
86016
59073
59307
51084
48308
63196
95330
22375
89
16157
80468
91688
59403
29780
97710
35236
22031
2081
18182
40886
27988
69839
25768
7437
19580
52202
69134
19188
59156
11550
90286
24667
3807
63213
30221
17191
3953
68525
54641
67315
16759
26332
27189
53632
71604
3840
19413
17217
84965
47231
71721
50716
2086
30200
17327
46749
23342
70685
94753
27997
70741
7118
33957
8426
64407
9906
85955
33588
86064
74068
35697
54996
97510
38104
49354
79544
23334
97241
80926
20015
64039
88672
23299
11374
80107
62883
79145
44380
17572
54711
81803
86817
88179
43603
20928
67877
83211
8964
95313
45800
77429
14918
49606
76318
43308
76134
32474
1476
51688
83217
37741
13604
18200
32503
78903
10656
37000
38466
37529
47999
43010
34317
32560
71121
68689
94243
47651
51265
73313
60822
23516
39574
34627
9016
71667
88645
37548
73049
98438
14455
77180
40637
47429
23187
62972
91417
55689
17160
45472
71402
69701
120
78029
24851
32820
15684
81396
22289
32050
67728
71260
30716
2759
70227
47614
49020
78302
83806
38890
77989
66068
14310
66599
47921
26379
25168
91895
99289
48606
67288
83832
11247
89199
9981
55879
66459
91644
24172
59744
32112
89296
33960
75168
48267
26582
33651
62091
57607
69225
6524
87305
71615
18086
56325
45036
17665
59939
36239
46637
91275
40793
66724
22804
33638
69212
26625
60405
8251
76683
52254
88471
93558
28131
46524
14993
14550
46350
22698
66222
22221
29273
10387
79631
13050
91203
23719
7727
71649
89553
48100
59362
78660
68766
9826
35030
34464
98480
20440
15004
44359
54214
55086
46848
81365
13325
25440
2451
18225
6002
90635
76618
75010
91825
9527
21855
91403
5324
80481
15669
38309
86008
89892
90938
87319
96785
31715
70981
70964
38638
18742
2878
74546
97711
41007
70109
22434
19763
52616
92970
24561
60678
32682
5028
23290
62007
71612
20093
41925
63047
86855
91042
43424
66973
70850
8697
38105
98839
29246
22947
24245
95899
31568
62304
20496
79116
91510
36338
58161
32536
65192
47418
59049
4686
9213
38751
56009
39597
22903
81005
19581
42999
33772
12761
37736
35236
81489
27331
10973
66163
80069
37204
59671
81595
96920
62247
66646
65120
20118
18724
63671
22306
41844
5863
94734
46863
68790
70944
15202
50776
43674
50899
51718
26976
52517
62783
68720
8401
27847
5692
34679
87785
97869
1693
74094
1522
85412
22165
85623
77904
95653
14199
65766
52211
76705
90037
70611
11628
63818
10058
81819
97820
59355
29683
82740
2695
47109
86999
54699
20232
73303
88488
7388
23902
51114
76194
40941
99556
6118
59344
42951
60895
89941
70158
36018
23568
99074
56200
26317
5673
49676
73762
22758
50332
22029
43633
28700
38703
83681
27014
55950
33580
60630
73067
77439
34037
36207
18150
42153
66548
90068
15002
84475
43569
22618
73101
29745
56893
46155
25765
4367
93994
25521
9163
3225
87133
4004
89233
60369
31132
35277
62735
78958
19298
12694
21097
56917
1810
14161
36525
16215
17960
89410
77113
70343
93034
64969
66169
2006
24285
96048
80782
86925
56020
93165
50346
94886
14275
81748
19479
96231
55315
18237
11383
10365
99566
78797
75207
75249
78009
83427
68349
74793
53122
21506
92688
22526
50191
4374
95894
69492
69973
24837
20840
76220
85674
55731
51266
45570
33714
50129
72327
36531
93014
16708
20962
4208
10036
39534
40647
67495
20271
50843
88951
84532
17830
63305
98786
