12645
71400
25378
64435
53329
61160
55561
73630
42912
28194
79841
10787
2202
81369
92371
30546
44593
27208
31929
39705
69781
75956
45789
10938
16198
14864
70240
27758
6820
15980
11831
42518
81123
22588
528
33369
43451
9184
94162
83743
73371
95669
16866
74312
81245
18103
87330
27466
96949
65137
99156
19366
76579
95107
14908
64262
42312
88398
69923
40949
75316
92352
25528
5050
23134
31127
72529
2835
33646
52275
81935
95434
47956
71036
21375
54966
54203
11916
3357
30961
23768
11547
16243
12593
18908
90310
57216
14662
27433
74107
75379
57743
64802
26564
98518
9561
20698
79533
12232
53365
53774
86324
67555
50196
55567
32428
892
24385
67800
6413
25288
57052
45470
29371
54171
95215
65349
22961
61324
45582
35599
33163
54453
84272
69615
23469
37655
93156
44604
37780
57370
88850
66497
78038
1137
98256
31185
17112
62876
84509
98936
92876
79879
1405
44716
99877
87120
75122
33410
15929
89766
91283
65277
93713
93773
49484
89442
61072
93981
21233
49223
90206
78346
960
35562
83568
35903
882
58493
84853
27236
34814
89854
92063
84062
70155
27525
44940
87765
70159
82199
79153
53617
15016
72504
38178
34909
56246
53757
95296
8910
53876
91999
95839
73085
84945
80204
92947
60272
49135
85463
91959
36055
82680
70288
71801
59089
53495
36590
53637
6191
8314
13064
64685
21168
27394
47075
77810
60428
30148
95365
33105
64493
22176
21321
96909
49111
85147
90188
40308
18568
88059
43780
21617
51417
42494
93936
89390
17797
53079
51049
11588
59777
42983
85432
42049
84233
32052
45250
14196
40828
97128
17982
56055
77725
14793
9192
7929
52923
10128
76013
36136
94858
61096
95686
75864
72464
34502
61922
2514
52348
68543
1980
28
68336
27018
4140
84801
96863
7730
69849
89917
18801
26104
27372
79494
31652
9028
66752
36634
84717
55493
32597
1762
36348
27245
53859
7488
36765
50370
60588
41434
44155
1346
57995
10210
85759
34550
25736
61057
67926
54129
12525
42496
17904
16774
76659
78547
17797
26596
4597
87362
94994
69295
36230
44149
39905
60059
26815
44380
39047
36743
35312
45912
41574
5172
44792
49546
11507
56065
50736
84277
26098
92421
90593
80210
39485
68775
40598
33393
49988
68509
26892
78054
66510
88640
20421
94552
76253
92360
37340
55713
74480
47401
29620
48962
25185
19050
34825
28487
96719
92189
67559
53554
91543
25760
80633
63079
379
96016
53082
8627
36676
9252
37576
90650
76228
67949
21494
23932
79188
88072
17408
61507
91772
44220
27609
8971
10033
10551
34433
35374
97464
73568
67955
3211
65289
38104
79354
85586
42511
89651
39011
975
75595
876
78477
16849
79096
31242
68477
73206
23402
28941
76110
47541
58256
50388
10726
19463
17208
23727
79460
12146
22609
59324
63158
23668
47308
73153
26631
1065
34204
24356
98708
21080
76092
70986
79519
71872
18991
14186
89917
7419
47203
44750
76779
43788
18415
54309
50558
3722
64156
16999
57271
52617
63423
12551
69653
77153
86756
82414
92292
64157
25158
49721
46451
27299
34619
81585
77315
70875
12429
30179
52412
70269
67619
56508
52538
6299
95230
31171
34212
52456
60799
22131
55485
65125
30374
54387
32147
33734
40789
53395
72245
96709
42195
90341
54370
77218
70604
12630
25724
38773
44981
9832
16060
62578
3918
83277
2111
29912
3201
29666
74781
95382
38854
62341
39002
41402
77321
46069
65206
69496
38499
23269
99295
71731
58788
10908
52358
31179
1011
10220
42095
66371
85740
15436
83265
19213
11752
58197
85694
62517
4187
82037
70733
15847
5206
5971
33619
24413
12780
33217
95616
83145
82354
90903
30597
22684
70784
12017
62275
87984
57044
72071
80062
83544
18261
94245
86481
77250
43957
77318
19323
2982
25872
89970
84984
35854
10225
30225
39818
642
31284
30667
29078
76655
5702
63421
15211
87187
42120
72730
59228
94631
90483
15868
21679
44137
56853
23077
51054
11782
18201
90359
54843
84288
86565
86635
5601
56705
7453
69522
36805
20285
84645
75206
79259
70685
2371
17484
72885
90509
46051
3721
32567
47971
22164
86782
43269
97098
8272
26337
78781
10123
64120
40601
40129
18295
51806
25526
7949
37332
11868
75818
33064
62017
55074
49672
90357
84039
10445
62392
85640
30782
72595
1907
70166
57817
61851
78689
37093
51087
22536
69005
24802
30023
26359
14018
79378
49631
31902
59909
51296
15673
65876
12590
39861
58371
33616
5764
22022
96961
2729
83315
16935
7769
15132
46477
99037
71163
55788
29146
88498
7083
5508
37501
95201
65452
30744
19302
61073
83787
7498
13
42270
13029
3880
42545
42226
47446
18674
96589
9555
96703
47737
90132
43639
14995
74179
12745
10866
50302
71051
60765
8880
88243
85990
97413
37950
78160
90016
29943
16834
38800
14309
93538
47243
16045
91867
34536
74626
38063
54444
55097
72000
21398
11970
57068
33818
93664
23947
12956
11160
52311
23932
96349
58723
84922
60946
4505
36316
36806
38100
20748
80649
11393
76019
53080
42634
59908
