28848
21093
81650
63761
70833
49704
83009
40104
82086
10992
10320
817
72853
62392
17813
66430
89726
66939
6793
55717
47542
48127
44206
10583
2706
95390
71149
73851
51711
66707
78871
24774
57774
39518
9646
59768
94444
92691
42204
95222
19344
29573
35681
52288
59790
64107
52010
23215
23464
40397
67516
28653
90852
18509
78737
49904
40345
9492
45561
79444
73027
3512
94881
25716
29558
89639
59793
93669
5743
45490
39343
64688
16933
47289
22050
80777
68575
90863
72177
81104
55423
77802
59721
29508
92188
12361
74941
40831
23085
32930
1640
36050
49217
25063
24590
381
88108
55028
59776
86987
8188
23288
