9783
84249
55898
87582
10891
13808
79162
39132
64629
79763
53588
24329
5823
68517
82090
69388
18223
66529
94662
68618
60297
48019
61295
13145
34641
59482
70520
85634
95597
28345
57875
53330
84936
1172
39171
27261
25555
67437
91727
48976
91399
44603
21362
29938
30374
41955
58031
24245
73951
58358
83169
831
75311
90983
39953
1744
56517
67207
32001
49903
14814
30719
26789
96245
99439
42313
15793
33078
36769
4076
83437
52199
90359
92850
76230
65040
92939
39047
67838
11888
90006
16720
42083
29127
18286
58726
47293
64229
93609
1326
76609
16044
95360
91318
36835
33028
86544
54829
74856
25691
37369
2527
51033
65878
47593
60813
70547
33817
14931
7045
70748
75119
85401
98435
54000
87799
1481
87332
77689
37131
36770
20354
19901
80526
93656
62097
19249
16561
52909
20404
96268
97249
14656
62941
71638
11409
16802
90752
64895
83776
65826
38962
25612
30855
40939
14851
35084
53153
15523
48437
46152
30327
75060
19032
91545
35783
96520
4516
98740
76624
9709
18770
29856
62653
26968
75480
8584
67788
29061
82847
35084
98425
61981
85634
29138
38860
78416
47396
82618
12955
99426
5294
95215
39357
80450
19077
83225
68141
76757
75748
50511
29079
51730
39867
79529
30114
51654
90116
18324
69306
58999
22141
76287
26776
88646
93351
25267
12305
80750
19162
53247
19160
67369
88035
37329
89424
89041
46075
42560
10643
708
44069
62854
95896
19392
41187
60107
73092
58830
25589
34845
87600
34492
62544
40444
51250
68770
39703
41969
4427
42022
78809
44543
1612
15835
79014
82162
83718
94820
94095
56755
88845
91863
24313
18205
53959
90524
37406
57322
19639
40181
73824
87879
60001
19127
34859
19847
41465
36758
96870
50131
51469
58463
75093
90910
63147
25886
15470
83062
68944
19808
89013
71574
21519
35763
93463
30713
31194
71402
33311
76842
75823
98141
45401
98615
354
56429
42689
33187
93603
9956
42183
66202
60908
32987
58177
97407
41322
42005
55084
31937
39781
18761
77921
63565
48909
84349
58992
33085
49699
17549
41852
49294
19393
6475
14259
92847
58023
1313
69799
88597
8483
81458
45198
25996
88668
69726
89811
2375
94939
80676
73334
60728
58647
23777
48071
78428
48603
7255
56410
72782
77846
53802
58055
2299
9279
80292
97794
58933
59363
31543
57106
83745
22509
92386
69328
20492
94320
51309
12989
96218
93684
50127
7392
23998
14395
39823
20955
77350
62606
38791
17801
57486
16809
9668
89142
10517
47103
50154
54426
21293
93611
46421
72884
48331
8149
78330
68224
2782
1629
18699
44948
1692
50792
14266
33693
67992
30916
16629
61456
14896
77433
55503
69551
22499
46989
66528
87675
94464
7348
49410
3984
27897
70547
78172
21794
90934
94575
77020
62130
71494
22615
53917
35309
94001
22347
18729
39233
66345
63719
67735
94844
37438
84592
85909
66499
18480
37817
89313
8203
93567
52242
50897
27192
51423
18798
90579
12528
24744
8784
42862
56155
59945
34130
65319
76474
66044
51505
44768
28416
78741
97368
49562
20593
2452
8551
30684
57142
70170
86623
37324
50586
93656
46125
53337
38917
71682
72273
23003
13330
24675
87819
40946
44174
20010
19841
22924
60944
31586
12046
92547
23631
54208
45354
58690
84997
65525
15090
65959
81502
53571
71828
57636
59516
10445
91002
98880
9707
39014
15472
74491
35324
18092
42291
13326
67232
60781
13784
30896
96547
26407
80503
23094
99490
91950
20018
1746
52490
86342
89029
8028
71119
80593
620
92238
79909
7330
43339
91272
42847
49776
33278
45844
83586
55974
58302
92069
41220
80055
9325
35609
97510
96431
7614
66141
79980
66948
37604
32559
33877
73451
90453
93854
14395
82024
70938
35053
13769
89309
52054
77879
81460
90211
3280
41901
39799
66743
1599
68219
91887
17899
4274
68968
751
98301
83769
33788
1985
27557
58771
98396
95034
60584
31253
22992
53017
32554
77011
98918
36700
80256
12334
15984
40318
55939
74330
80840
78065
25121
27435
72947
6292
90477
60475
9091
76241
5175
72955
36535
39830
88694
66132
37117
58989
23649
62872
64376
49370
76029
65674
54460
48593
27281
38759
86582
67698
23477
38575
27209
8514
1769
39828
81907
40647
72994
32254
12718
11647
61439
71512
1362
81726
17145
75355
63288
4834
96569
68020
42745
81268
90852
99765
9748
49374
86545
5205
6927
62755
15612
7972
54005
10688
97139
60304
82718
32029
33964
9325
95788
7407
53337
4580
61361
32653
28820
50587
7086
39885
9557
98173
24535
76859
55619
39589
59954
50805
70759
71340
12574
24838
67868
31437
75632
39997
3266
93201
82008
97289
51314
81405
71298
46067
15947
10868
98360
20088
59883
88041
60422
56098
77177
45861
61398
58594
38559
33361
46969
44171
94486
41313
97926
91022
70585
34717
42621
74894
86267
33165
6405
33951
59669
29857
84371
23008
72407
50650
53324
91570
17120
20248
72065
57844
25193
48289
71545
9149
70843
23819
23629
56853
13825
59974
13709
7472
48568
68201
7232
88071
94882
72983
46856
30324
68794
93870
19076
491
89379
69388
93519
