10312
27818
52830
56600
37664
50539
32279
66253
95734
85638
25285
83732
75805
21696
71046
10840
35895
15283
93819
63837
26023
7741
17812
75746
60085
37845
53275
71679
81149
6520
92953
67694
27732
82753
63176
68966
68057
73304
80375
81441
95444
21089
59315
54944
43758
28725
83576
48741
63948
75342
71636
36317
42409
69627
7636
77025
72366
17907
6254
30737
92625
72039
42122
42721
25704
65840
78957
11984
10312
33576
90659
19219
5182
48564
8104
9777
69065
27359
5876
8167
37650
14946
23489
8556
6410
51198
54394
8654
19966
29260
42785
74075
5849
36684
7677
8284
22711
41947
44447
65980
41441
54336
14479
87974
85129
49572
67512
25356
25604
3681
93996
17412
49183
33907
31221
42829
70847
21100
99354
30767
45433
70980
52234
68544
80362
61517
90983
28227
37301
99844
59058
10316
32247
86211
7984
26174
3848
31828
65846
56373
70993
11744
25814
99999
48836
88806
41989
83524
84124
85255
31208
359
64690
35101
39675
59365
28441
99404
14269
69819
13975
34641
22396
69444
82944
25943
81528
13983
75216
904
53975
49199
84517
87488
53028
90716
79127
41022
11429
24438
76661
72404
57784
35034
70013
76061
60936
34222
90584
11982
61874
62278
24560
76741
69166
75273
48366
89982
5565
73645
66356
99397
80814
75070
55572
7973
43532
55742
71659
53023
73000
19911
4062
82166
12702
14412
20207
69511
30278
95581
65148
68247
31834
12073
90676
11044
86719
24158
49335
88829
42514
43852
169
53550
24944
7815
99058
11955
1250
87627
19637
98637
11811
86650
47339
70163
35023
97505
49115
98560
22409
77401
1241
13770
21385
33161
47096
42675
2305
62792
18893
72856
86059
71808
12514
34567
27953
35118
21299
85901
12824
24486
94888
3341
48265
45620
55407
40941
96413
75869
65110
94795
63493
88292
14946
52364
57396
3176
42543
52949
56745
36010
51045
44275
71708
32109
3987
47508
4036
48918
76426
45944
86243
9459
7833
65826
89711
9336
8160
96201
23326
75428
67027
74028
2029
17314
15981
32962
75181
32684
48686
99982
80523
83625
39091
75185
16794
63319
48241
49338
31198
36644
28013
30552
49016
58038
77371
95121
12041
23691
56401
43659
32101
79610
2022
59527
81302
46104
59565
83533
93194
11319
39272
80611
54394
44457
79979
75415
80791
29474
25711
45500
18707
51579
81039
92913
91113
243
78306
8860
72811
87888
33301
57430
4358
1155
72580
49024
79124
43754
57781
48340
3390
34287
95698
49526
7019
29517
82721
50089
84009
68466
13889
82942
92631
14880
86403
87687
49228
59598
33283
65353
74440
30796
91777
84592
31926
71460
69088
38396
32794
66139
99803
90457
22876
69270
80831
83373
80753
35098
46601
54155
52259
47115
39484
68836
53853
65910
17663
39229
52148
28971
11185
56795
40693
47170
78794
85019
16519
66015
623
38174
42045
5295
15249
63042
14075
58418
39267
38540
85409
88531
94390
22176
67065
35826
83347
54931
7001
44226
67477
53240
56502
97678
24768
87223
90405
22999
88418
35644
67887
47385
20484
44843
97456
59596
62764
78577
95084
24261
67731
17429
16399
72220
2398
13326
7263
8169
16475
98542
27265
68936
52762
28124
12804
40859
32869
9728
62861
57199
49918
84343
96960
89558
29811
6854
34025
19379
94432
66986
71396
43413
28258
63022
97327
27514
58483
78807
67209
43701
37831
3641
81767
49707
52130
44365
54579
29302
39956
99354
3937
3244
78258
66351
87344
92794
61489
29075
75609
60810
96353
27955
92408
27973
95045
94618
21556
85905
98667
11776
60716
70170
41356
87641
5183
95151
23105
33486
32248
81412
87679
36201
22133
56213
43282
6793
59922
8778
76722
21014
73719
84117
39651
6702
25499
19992
64207
90110
47155
32900
51576
86988
7259
27197
55869
64753
95327
71097
82443
94212
39270
90343
74589
55025
52540
28940
50353
201
35931
90856
21768
16179
67989
78295
52922
14912
40449
79188
29908
40253
10943
30040
50799
99297
49193
85696
12270
4101
34041
36109
31636
22803
48465
89508
65951
90583
94475
57237
6981
59795
9501
72825
31945
69807
93832
97493
10778
56877
29662
20188
72457
35003
95917
36880
357
42817
69484
72425
96212
2522
73345
97966
83888
84927
40589
9599
86459
56767
87861
6806
19137
27403
65838
36322
64969
78669
75299
12915
90999
35385
34950
53716
80065
54556
64945
9361
8076
54353
60567
82970
1026
66706
81485
27264
46962
25612
61326
45053
99269
17707
14223
12976
55320
53140
61696
75941
45083
26418
34300
10995
29540
62823
62957
30143
64337
25156
670
63551
26808
97493
53471
16216
29645
28275
72463
42920
43984
98717
50409
57312
86159
31041
52781
5801
87487
3027
16905
2024
20179
51008
68676
48860
66167
1085
90792
72515
13196
63256
77097
81180
57887
27312
3734
50088
29480
31713
77243
56682
24700
3671
70224
89421
30384
95716
61154
15141
89035
50828
17244
92109
49830
92381
75570
90640
31330
6685
23817
57219
17414
51739
4678
98799
15252
64936
86642
396
61831
40766
65734
2121
59980
25374
86425
17417
66041
90200
78467
12039
73166
50659
32141
