84871
90727
68293
29172
62901
69410
16838
92223
33672
45467
92241
68361
51435
98738
39880
14392
196
25090
74325
65012
38838
74074
79423
80463
97319
78134
249
3990
36348
41369
57941
68787
55201
74665
72886
10811
31749
15847
98563
41595
641
12010
94647
96410
92825
96631
10421
38634
27483
60031
59640
76529
22501
59957
4425
72143
30339
45962
51754
64811
19446
89383
83407
90238
53264
55174
89388
63291
3867
63534
66985
88314
16601
39305
14835
15744
25606
53219
98732
42733
56826
49825
34530
95361
62923
39996
17373
49515
32528
62201
85746
81776
20320
37222
53557
41301
66360
25811
98539
85609
34267
19626
5213
94705
3380
14284
92489
2129
29431
34474
78546
97748
75109
87549
56855
41977
24270
57122
65761
98074
12465
86773
56886
73465
76927
11337
50923
16810
37406
48930
93687
67543
24681
73231
32098
89396
52597
2311
49980
46624
2350
18239
18666
98100
87743
29605
30715
54443
10449
92252
67736
96814
71883
11892
17530
68219
57207
4677
21494
79569
45093
968
74355
71739
81897
15026
93597
87894
37312
97262
17617
99201
12464
88054
68376
97600
16109
11278
86705
94349
65943
3997
15207
32444
74017
71048
65634
20297
43597
79245
29849
71424
35826
37433
15941
8040
33024
23398
51440
55693
76314
83061
35884
30952
18050
54435
68705
69070
15794
85611
94750
44818
2598
71225
85425
23255
57528
46726
87729
77174
93411
48789
56344
29513
65609
81064
8303
1650
15600
22464
34849
41258
45703
17679
11089
36586
38246
25308
5576
25583
12179
23666
11078
62574
8641
92869
17338
36628
13907
36898
11756
43576
84223
46962
27224
38848
95597
62411
17653
717
90046
37427
75091
4388
94058
6578
48004
35385
57633
51058
50449
96122
22227
54454
8717
69269
98124
94356
25350
70919
57623
2000
89559
47586
53347
26551
35835
75611
12067
20053
17341
50701
12494
90995
50251
10669
52071
16848
70504
47051
66904
69691
15808
13793
44567
19082
60374
98747
26251
5755
43258
92612
14471
68804
70998
87145
51252
60536
47719
68523
1934
84057
25577
69799
93477
95253
51211
88602
49539
17279
82722
51539
86477
75658
76122
93049
3075
44452
1062
65333
28769
28301
60312
56094
15240
51250
58669
11327
41911
90570
43968
83655
52690
68141
13950
42093
4421
68236
35833
40254
8578
88049
20086
20005
91622
57972
72834
17589
56857
14806
30529
71702
43604
94654
69223
96937
9469
28174
70591
47418
69902
11873
1288
45537
22357
97891
70048
13653
82580
45965
89881
92558
93255
41883
59112
98933
73349
41868
68476
70090
81984
64726
77195
90610
5607
95523
18856
54971
68171
66924
18097
99245
50559
54608
93989
30766
3032
78512
65459
4466
2004
53771
27085
54974
19095
33073
80603
47127
29744
52582
99276
68844
85018
86326
50952
80541
9086
85551
68193
56390
72054
25887
38855
38475
48876
50731
79834
14274
87169
67817
96122
74264
12138
5786
10427
17793
4533
74183
77141
11424
15081
99031
97015
31758
73835
23307
8411
80875
76157
55575
24853
25662
90593
50077
46981
1771
32411
80966
9708
89968
25556
86848
40635
69595
87739
94543
81734
54924
96710
58865
79384
37026
99254
75827
5600
81861
91064
62857
74313
71792
7336
84142
52168
21881
26480
29272
5582
13598
90927
11030
72093
40269
24501
84810
29272
43024
66537
12509
94259
71091
20973
45187
61257
14675
17690
58156
52428
76389
23045
81700
89846
79104
23491
88104
28126
4905
54697
16517
49095
65849
84747
2319
8531
51085
16486
61754
43541
53577
30938
12793
86276
98793
26735
90353
96651
806
68056
11225
65405
13858
53173
6352
2662
29360
73682
3418
70972
93250
59661
90936
9812
55825
25269
64676
33074
73795
68142
9094
44696
21084
59217
16246
59551
8867
35023
66063
27716
87119
11926
41611
8281
32015
92653
11168
83804
49875
99769
97719
53157
86362
30530
84678
96089
13720
33232
18217
39068
98084
81807
42465
67363
12700
22641
43272
80583
72693
67922
74320
68310
94082
6871
65080
30819
80000
39280
96010
84446
33501
99612
