17044
41014
55121
7369
79404
88603
83960
80324
29429
78710
84463
38577
89409
99752
81210
13073
11246
71345
66636
81348
86452
4311
40491
95902
55614
40816
70096
78410
6901
12013
40106
39131
45784
27171
16386
90795
59080
21014
19417
26258
52640
14787
19437
34501
94241
24843
32346
66536
34603
76376
80094
53233
98281
7437
92693
66203
84451
91118
76931
51107
71798
82985
90160
14147
34689
59967
15853
14921
38870
53939
48405
16083
33329
74254
40878
86089
28484
69837
39631
52118
1232
89032
54908
34788
57425
82079
38540
87828
25905
94818
51563
30007
31996
10077
41500
64428
66803
88255
94070
34359
94202
43814
93296
62682
7436
35657
10999
17554
5966
706
23035
68336
65153
92821
2058
7474
7281
13025
85076
52254
36778
92290
54990
86042
39051
3296
62994
64971
658
14775
99683
80360
97783
99556
3182
20059
76885
90057
16299
59476
60003
55902
80836
57385
66112
43860
53549
88493
24717
28423
89329
71467
44148
85791
45229
58528
67334
89923
81205
88563
29667
22491
13941
15186
15282
58080
11667
63882
65937
40130
26063
56770
58630
35829
13964
63093
70067
3577
45672
75050
16552
73157
96295
56082
67827
6224
86830
88829
16978
99611
93547
22905
22793
21758
26290
21512
89007
63629
55907
31868
45219
15623
84551
74514
63420
60828
79768
37321
58078
77624
352
74429
40360
89647
76378
66340
92106
50791
44853
57381
91059
72541
69175
54256
46185
74613
75166
86941
31282
80161
69794
42565
21231
90381
9526
92503
78729
53957
75501
43544
52611
17284
99225
36570
73167
73690
40590
8664
63196
93145
37861
45771
58029
45052
93917
22956
64197
68819
72573
58151
5823
45904
38388
46936
57050
81128
55296
77540
9937
59590
47437
23350
26856
14514
6742
56117
55426
3129
6151
34015
68656
46201
79171
82053
4740
43883
19297
92642
6915
74702
64945
22840
49625
26380
59197
19977
31463
33355
63850
13647
66839
55986
13374
14840
33200
57589
87899
44258
97349
8864
21609
34639
73319
64732
26163
96645
42011
94368
88295
60517
82470
64312
53889
77669
68389
58666
68481
70668
72698
1547
82392
42698
37664
1789
79938
62866
16607
