59202
19744
10803
48691
83125
25151
78929
57504
10556
87873
26256
27835
10496
10258
86137
59746
2527
90529
24753
98346
58945
95247
26977
19485
99890
56099
33442
73954
35200
39803
16068
84026
79667
59069
62428
84165
15235
18732
9960
453
69179
18838
44864
38139
81577
17802
34811
48686
17982
85063
75611
1770
55016
92783
72406
10852
55369
94490
34082
22684
49684
95143
27484
26267
24740
7661
22324
65020
57401
63728
32665
70151
58768
22128
27645
2104
32221
45275
47684
49342
32840
37090
37103
79840
55073
8872
60191
44090
57153
42807
63208
16965
64863
75597
92308
5076
25003
63860
39568
48954
80298
22768
72375
42922
35023
273
49849
78614
87762
35720
54920
56217
89296
66965
41151
16720
68159
27167
99728
55042
10956
61533
20552
46465
30099
95506
20256
38633
37306
89686
48643
7109
24395
65230
82519
57553
88044
94110
27018
51225
43836
60021
91162
6720
50732
69734
42337
69374
4695
81303
40444
50785
19488
73074
59542
76340
47303
30457
99541
43773
25767
34198
85633
48287
5615
84880
7660
16512
66843
12858
53123
73253
19566
58342
85392
5178
57454
24311
95112
80590
39420
38132
29176
21402
90479
91608
49639
57026
844
58406
17191
89844
91556
80313
54686
25422
31082
49562
1804
74556
58863
1099
2744
32447
74204
16384
52507
92937
7819
46093
55976
96100
89923
96506
50327
37106
17806
15476
75501
61007
29400
20989
48234
44435
26022
34883
4814
98804
15825
4654
62024
81705
4702
57427
18973
89641
25915
45318
61170
17745
56856
19148
12182
78564
67039
49102
46606
92653
3313
89322
92798
95296
46943
28611
93937
47134
39650
27768
91558
16151
44151
26834
84663
46314
51482
91895
61574
4296
86846
14780
32295
34775
72967
42904
51748
87282
22596
78035
38897
71694
20908
8637
96941
71703
38356
36667
37969
58808
83530
35932
65336
82138
15633
29705
55083
54404
88601
47707
11944
66720
80218
9671
66638
54078
15917
91124
47432
23954
21863
77038
44947
42073
99347
45010
54126
56601
6091
2025
18909
40806
81267
16530
93722
44768
84818
37976
58105
7194
73069
49123
3734
17174
40994
68938
19389
88875
