23932
14648
24241
25861
80511
48066
94981
13747
50123
42037
59524
62730
48210
20128
56063
45923
90772
86409
78726
67966
29807
80536
79121
1627
46834
49055
34237
76088
18831
55300
42029
44903
3246
58957
8978
42346
52606
77831
80038
50798
49894
85075
28498
72065
61242
77550
37040
16818
21001
16507
38058
54404
98643
27374
95745
78286
13592
32856
17802
6578
33420
50474
55987
70104
37191
35496
37251
84454
72696
99949
9183
91166
44153
31860
83464
31284
40093
18697
55522
24138
41446
5325
95600
18891
32564
22944
12315
83936
32344
38830
22450
97970
10918
78809
72874
71581
28905
69630
64263
65484
68560
66503
31059
1143
36486
98476
98538
81078
33119
86247
26265
70145
34223
61555
88091
49414
37269
3072
994
3973
49748
39157
34903
87243
61281
78050
67353
52137
74392
57858
87009
34929
53002
71785
3398
90061
31378
31536
73788
46332
14245
49114
40152
5961
33703
21857
55886
14857
6266
84610
35131
74097
46769
50562
32607
45618
23618
26972
49730
8786
67418
10696
5527
12520
70827
82089
49277
44212
35936
4242
89378
39640
71218
68598
33187
82519
19475
64396
71663
56841
53927
82843
12714
90712
46194
62312
15820
10266
70828
27705
12649
21771
32337
61316
89100
11366
18838
89081
97692
45728
75958
4552
69313
47553
35050
90545
13631
49279
91799
91751
30529
41561
86816
41631
4241
70285
5404
96411
85636
53303
81059
7021
23187
9447
75747
67306
89251
30366
40431
90221
43366
42148
854
24549
9179
77832
5041
33021
56400
79029
85846
74085
88648
98990
77130
77858
21559
2630
83380
36143
58794
33662
53644
45677
71363
63804
49714
58063
59586
68420
60506
90875
92768
19190
99141
76509
95253
58627
47692
14
88313
38573
68438
14524
79623
9499
76296
34839
80286
20438
60252
6936
26529
22722
75498
43053
