18579
3657
37555
43747
51725
39100
10321
81470
55976
48191
98339
29046
41543
83612
96841
24270
1075
14783
44982
20465
20795
67534
66846
12737
8981
95781
40105
35195
89346
14642
95689
51241
38319
10570
19592
62212
16247
25350
36859
355
53255
25150
63347
31524
29306
351
39538
64790
3234
51852
18362
82721
71880
64239
10145
66483
80587
23354
80097
98375
72516
67039
51180
98100
56778
33064
84924
11823
53745
59219
13576
25534
78254
61038
61043
5755
29781
87275
60479
28288
97603
32640
23967
78005
54200
17950
33898
5012
10204
27595
8139
30485
63522
58846
2068
78203
47882
55543
4051
47066
31648
55032
65917
26723
51457
75172
21095
33133
45406
40531
27252
48450
8890
31791
6377
53123
32525
59918
66652
20121
86283
63596
8874
54169
6815
60036
839
7315
97776
5770
2928
7768
86630
7624
67517
91589
75525
36532
17875
11920
46424
23723
61014
89966
49738
96876
21467
14494
56045
4723
54363
85238
90749
82928
47747
83464
34526
94723
66121
36784
64642
20663
16953
10365
1416
88664
83469
76953
64286
35730
84699
16759
60455
90760
73448
25688
71319
70861
39898
46010
22235
51202
12811
68414
80213
1869
68826
71188
66181
6322
15708
19173
92004
37297
24688
29373
42122
29467
67343
42611
93391
41234
94210
14998
21582
39773
82254
8277
44006
41508
97482
67883
53946
57134
24817
62374
28952
4661
58611
67699
9911
55491
77958
94023
86553
28939
3162
31020
25008
64838
41225
40422
71069
12488
77549
57729
71731
66974
6732
90745
86042
41319
39919
71397
44112
11276
85712
60865
75466
41885
25201
25271
48504
61898
59850
55050
87846
78874
79258
2750
92830
26924
47743
86023
30539
9864
27904
78572
52377
69824
89063
39608
56888
23464
99948
317
46368
93615
13741
19365
16334
98457
92506
97494
74124
76891
40588
17345
84270
52083
69974
45576
6137
32801
32275
36745
58878
97989
40959
32588
50436
35670
32162
80581
98564
39196
1575
86181
86126
18508
57770
76548
20008
7677
56976
49699
44343
98091
3633
71681
51702
21064
84176
96892
7683
93146
64459
50274
82137
62261
7021
10227
67192
59573
61345
55124
25313
56663
96706
99443
99325
49685
49805
29298
36958
14781
99640
15346
19549
35022
30748
446
91265
5870
80525
3568
20033
10858
57162
85988
52321
16842
74640
9655
41401
65840
35273
40347
10324
97550
28866
54490
89747
96257
27770
50244
13393
55725
87701
14392
70722
14774
99889
82571
73428
985
5136
87127
1816
84421
92052
66915
6970
27737
45770
96683
28139
9691
82588
48940
88064
49714
80266
14158
66835
31521
97427
58830
84999
85473
98733
48423
17642
4122
61460
94685
79315
34653
99871
44742
82442
35808
8046
2612
32487
92759
97152
61443
66418
15339
36897
41532
88265
81306
76768
29892
18433
92780
50110
69508
74244
3277
21858
94261
41241
75435
34762
15719
97409
80462
57660
25967
75612
26766
12699
23595
14540
87510
29461
42547
18898
59604
97433
51774
49045
79929
94438
48686
45793
20307
86878
58873
51339
96644
28697
86901
73555
68927
1046
62335
21250
17727
32108
45287
89523
81412
74719
7516
75854
84619
77263
31632
49423
59240
4426
91143
30853
42339
9537
73922
51735
95564
47543
93570
47841
29468
86710
39291
43580
15050
14876
76855
84283
78726
26835
68515
75601
97205
39423
37018
21201
71690
81328
30924
56301
22045
91095
15531
25920
91083
62676
23794
21895
65738
64366
60787
17545
83431
44188
31323
55448
24286
95745
64259
42864
77429
57333
53238
97852
15062
72477
45562
64120
60743
68925
54717
94352
67079
66692
