10961
32447
3978
96064
49802
8645
48794
53821
52532
91028
45357
40733
77537
35649
44627
47008
41313
22050
13009
58847
40156
39877
86327
2294
27708
45133
64748
58252
52808
76523
26922
11392
32683
2709
72135
47953
28564
99333
74760
6218
14454
14417
92282
84649
3663
35682
73083
92523
64421
67187
36050
14358
84140
67560
42303
30145
44453
78344
24141
89156
60353
35545
54628
38520
88355
88791
28283
53290
33827
67664
73227
92001
52590
68671
96959
69897
12139
88802
18664
61340
86072
93563
26892
38893
32147
54272
80414
46352
10614
97823
26281
49545
86137
51377
53381
34351
763
53977
75757
46205
35515
86298
36423
45653
51328
96978
30146
40529
62937
3959
69470
72584
98943
5325
86853
82777
79606
52577
44312
10230
70962
92612
31076
19664
21463
3431
12211
74779
66936
70704
8158
10558
7873
45687
93408
85402
89648
30623
15750
75124
89054
94388
13859
17505
68828
48317
80736
73133
33688
42014
37552
33160
3263
55118
93154
94861
18492
98479
81296
16591
83007
57999
97716
77795
71289
56026
77178
3781
82979
3482
48400
19464
44350
77132
64697
89885
26101
93440
12290
93150
72414
54157
13868
11224
4512
52174
13192
60947
62095
47325
16992
47584
5010
35211
5874
40990
87782
36217
33304
85032
32923
18581
26562
81854
24156
18613
93318
14895
62124
92745
67021
26432
91852
66272
41518
15355
15705
9658
24760
17591
89138
21957
58409
56992
67319
75991
15804
63395
99148
93286
15711
16345
82653
48167
65058
80109
45757
13345
49579
52843
90695
37517
37159
52294
37957
94733
11227
53766
16270
9062
96889
24269
2089
36891
10061
15237
55248
13159
46903
33992
529
86934
71155
5802
14766
20417
6772
47399
36228
12485
93519
19621
96200
40031
30323
42629
59213
42566
87383
22700
89731
5156
94156
98024
79129
94642
39729
26818
82467
90992
64166
17535
9462
21022
76248
81585
73040
8857
62810
77184
12853
49045
45813
29201
65045
64468
60342
24177
23785
92032
64454
62177
38908
15371
79543
95421
47750
91872
16985
27114
24466
70277
14829
37148
66594
48
66961
28705
55593
2755
2810
59726
70902
96581
66176
3780
34608
67038
38131
61245
38767
54091
36537
43421
83084
29533
31840
85683
36823
50569
97619
24131
78907
29072
98580
35638
14465
547
90639
86651
20466
6391
72131
63977
77385
83285
58800
11007
36212
61070
37727
83276
52711
8267
48904
79306
47229
90082
19557
68964
9197
31844
12497
51481
68069
31636
99835
16761
23685
11826
8493
41484
14458
32054
61876
26322
82133
21816
2795
37093
40263
20683
84264
47194
62364
9578
51523
17415
32978
10250
6687
32862
2388
77104
3574
70103
63031
15612
80581
8268
84272
67298
76017
48062
55759
79929
16564
85814
95645
11821
10216
78309
56686
74223
12719
31148
2306
77452
53532
280
83326
36826
22338
78053
22625
92303
20184
90467
50342
61740
73285
99958
61366
97271
32141
60119
77383
6566
27160
86200
95732
78871
80155
60677
47290
50909
28486
66598
82157
8820
8265
93985
79061
82837
67908
22364
68584
5830
27561
48160
45157
52585
79664
80185
97866
11348
51127
25178
9747
64384
88404
18269
9104
85723
17112
57448
27745
5721
58466
86251
2448
3879
18109
24166
34220
26240
2007
66952
20733
54520
98207
65233
29577
50454
79673
9177
70626
4510
70242
20202
48041
78700
7163
89192
93187
67325
77524
80722
82806
75143
85014
94688
8289
57129
13228
50539
57910
47901
36943
36972
11156
54058
74509
74844
85573
33719
84054
55131
69808
66681
578
2349
38620
49421
17154
57406
71235
53825
42113
36198
12462
47756
8823
85256
57234
68094
35275
7316
97287
34354
59649
76940
66625
59105
9863
92516
47981
51600
35768
96547
97962
31945
75404
60038
1121
72071
83356
50947
44290
52330
3061
50186
19996
51243
66201
16136
57657
66378
78604
53221
28660
85251
35233
63982
35928
36735
62818
83405
39510
31686
54998
54644
59554
96657
77874
59000
85963
18078
29151
16730
76565
83966
91459
94337
51093
37896
28111
49027
72264
40048
32708
50915
27856
85586
98499
94004
88556
49736
20656
61723
89331
93340
65730
8370
19277
11799
59114
10665
65678
34391
22333
75303
19312
96031
7007
13455
38380
55720
33486
77822
73876
94709
85928
5072
41552
33573
95386
56834
14003
85922
57767
86162
15449
30198
82257
72194
36351
44221
70246
99036
63519
35061
96426
53711
77287
11218
84221
69272
98901
32494
55241
89084
945
52381
44843
33649
85031
82335
79675
94973
43359
95407
74393
34646
79963
29368
81046
74728
65709
61192
99260
62613
15890
28508
85595
70998
31950
55706
11826
21888
4325
61790
2454
28866
83571
59052
33185
28619
42794
71844
92314
53192
4230
26740
4764
27915
18798
96199
59558
14599
