63434
45700
49413
86167
14541
87718
97794
7518
75652
14896
9965
29406
51131
7060
46262
93799
49321
13520
63940
36235
47695
55810
69949
19970
88654
69819
61301
76518
64034
5292
55088
99134
44318
8317
14965
29815
54213
68669
11314
73550
94178
31155
54150
25067
50533
70099
98479
60968
32283
88460
22929
45903
85960
24862
57343
71905
46788
8201
45161
41106
72463
576
81698
17170
90386
87772
38508
73319
35892
85710
17378
98070
87637
28556
70370
37568
71083
73229
54614
47017
52726
60559
350
32436
50178
99541
94363
91274
86681
70159
29018
90137
73250
88945
17243
49273
27642
38245
56893
90122
62349
14525
15719
24729
1233
69024
44918
85185
75648
25542
77726
68814
18832
1727
47743
36285
30352
62285
13894
41280
78273
76850
94492
23741
12398
58179
71631
62870
84522
29980
14747
92131
84293
10062
77301
31291
26474
26099
63348
56242
84216
99746
76412
82684
90139
16126
45448
64112
13255
1673
53876
8072
78128
67606
98788
91844
59784
87355
93748
41230
35077
15612
20920
6191
34406
66016
30305
4980
32969
29266
47927
14600
3206
26372
36183
85804
32273
36974
47440
62393
24493
66616
56037
17274
88350
74469
61873
32771
1564
76508
60100
79889
24867
69651
29420
1312
6728
96539
76111
22915
97670
75203
90804
9635
86389
54473
59778
56983
8444
50980
64608
92573
77150
69767
56572
12210
16208
61426
41191
4276
4138
80859
78941
12369
69756
67189
10402
8619
64312
21114
72840
3274
88909
42010
28526
23518
68916
12672
23906
83408
44163
52701
43942
50052
32702
64436
5104
11982
7406
94625
58348
77357
95498
20551
53981
90184
66993
16116
95328
36996
60122
7219
66737
15839
48803
33998
81351
94636
50181
18205
74298
50443
59721
64751
44677
3652
85364
78612
29830
70304
81373
38502
2819
66277
82079
84082
43846
21004
87273
74310
34569
55104
7923
40376
41357
21461
65548
60816
64868
61186
72174
32691
98095
86812
30835
15470
22881
57809
79809
77723
56002
926
79072
42547
1551
7597
90125
15536
73503
26223
49255
25789
82593
70322
45702
85149
865
84959
3819
51317
45353
61394
34163
89271
15396
80919
20261
9484
20414
25630
95115
33213
76391
61818
71997
96381
25078
94107
20504
48951
56170
31686
31150
2831
31820
26030
93815
73176
48656
36818
93222
74290
11962
29363
90390
27837
39966
88655
86563
91230
26304
93087
47157
25549
77305
86121
96342
71417
77595
57027
90149
52504
24492
18917
24707
88303
80366
71625
20747
31131
94335
54434
80127
14809
7580
57270
19773
76408
10656
41818
87952
79737
59274
74025
49411
56192
72669
25567
56080
78362
2146
38328
14519
26250
19688
15168
9898
58290
86827
34519
16165
19386
35889
75811
80955
37344
23665
34962
9419
40605
77519
76938
61393
65552
39042
7247
4793
8457
75415
93489
271
94964
86126
40270
78578
9663
88066
9387
22951
92362
40711
15819
20649
26954
70219
32809
51678
73658
2814
76024
10148
90208
25934
99317
16906
9751
15243
79013
72252
84637
62474
49232
87
9595
45413
3418
63258
75436
39295
70522
28733
7788
83430
67865
66491
44415
31697
65896
95243
97468
90856
19358
75021
4756
69890
34765
37951
39682
12169
34784
35471
61200
56955
53235
71147
18723
63530
61871
11380
84037
73667
46465
51889
24909
50604
17461
89632
25837
4357
42100
63207
56600
29361
49943
17033
96110
52463
199
64308
63141
69504
1907
58903
32821
38509
94317
42736
89280
22017
54018
3
89917
42193
63443
79623
25632
10205
16244
85371
63271
33198
40001
64470
91907
14047
62392
17116
42881
62616
27351
81036
46580
17109
34259
45910
43681
91013
20338
55978
9511
5966
34405
66700
59433
41102
87814
23235
43097
7549
87690
86160
48354
23566
66850
35516
30034
26292
61940
2251
36418
46625
38033
6284
93508
89194
86067
71666
25832
40070
26613
59837
70123
98869
39247
76849
7708
53629
22892
361
58924
38832
88682
66820
64722
39658
46509
99517
64824
32438
55392
57528
83941
81103
76297
87064
5160
94564
36616
47086
2814
13365
13100
50541
84864
50746
65618
79448
61676
62691
70074
28796
813
82458
27464
88186
32938
25701
55860
5180
43401
87015
14095
6441
43358
9830
37427
8340
41364
91655
82501
92111
22358
41781
15689
79901
57754
90305
59010
85700
94890
92611
4869
4545
96785
73375
1816
51830
20831
24355
79213
3519
40889
72941
61461
59714
66176
60425
39363
26436
61788
68695
11582
74616
36100
14187
57217
85042
73389
73902
47283
34234
2989
38082
35455
58748
11530
20739
8079
24028
22692
3337
31306
4359
43580
43754
30631
16005
35616
37404
25548
1291
69268
46904
77192
24077
90142
60410
88937
7152
15661
11237
13786
17469
99975
5828
61693
49777
43182
68587
86753
25521
69295
77371
29120
70779
49671
86468
13976
96568
47409
15205
91972
2094
816
52335
23222
10866
80854
49511
755
80698
46031
13386
2411
7185
77165
45388
94643
85155
98416
30649
73537
86744
57713
22012
99587
93278
80332
71998
33693
33662
54984
5701
11037
93521
51525
49118
72988
34892
86944
52726
40180
95318
57381
66626
10872
75834
93650
72478
49493
42168
62564
21010
52355
68853
46561
68337
21639
36467
24705
22427
85993
56444
51673
60291
48812
48184
97093
70282
21807
12574
68658
21706
49088
44518
20133
10351
83224
33405
47659
99711
60630
71122
66302
24315
13820
70349
36433
2077
384
79967
62521
18689
90032
85333
22968
79168
95462
54150
67494
60920
42403
87628
43230
96839
25546
12463
75010
60918
90588
10972
81324
45427
55660
46357
94515
29110
33919
63011
13878
14693
77506
33702
53352
90483
95975
52781
1208
4227
70813
