41516
39849
75432
29940
9869
23642
64922
87975
78226
4796
53930
43464
50819
36685
3459
31831
3256
12525
47177
64186
50770
80910
66650
45845
64548
32824
33584
34344
50606
47703
12676
70756
39178
29794
58636
72427
57055
87048
52741
3267
6963
8024
9388
34839
96830
43917
4485
60907
47289
60500
84511
80857
55765
47836
3247
72781
47721
29049
52280
16409
23139
63509
26797
69686
22623
35284
51949
13240
17557
59074
30093
75564
73389
41051
42163
37744
73581
26966
51326
49647
45491
22159
79299
37208
11359
16816
69267
62139
79240
21627
55960
12255
91790
99606
63358
11586
5679
85684
12686
64270
75315
4540
24533
57653
11042
47736
37188
14633
71446
89245
61137
11641
88715
29457
34810
8492
68018
11358
49450
30387
20709
49521
78899
74159
18421
84591
52539
92511
81663
35989
1972
88579
36829
71051
81347
39250
19256
15332
54851
85940
78619
39828
96258
29405
19235
47407
94728
38407
12883
77626
19415
27754
88997
59248
88942
62267
76570
34547
51560
75230
98417
73677
41634
32393
58582
32897
6138
96663
98482
10035
92435
46150
75073
43729
60276
82990
89633
46333
10608
36382
84390
36184
56736
52052
73002
36300
64333
49176
46562
88790
97706
88886
69196
82702
7549
14006
69860
78868
27006
78874
85845
46969
95448
48627
68044
24167
61709
28768
22761
83950
27383
69957
33071
66796
4136
86180
37915
56376
93234
27706
10481
76076
87299
95000
2705
90124
79241
95036
39689
36727
14355
57388
45316
3721
97144
33743
94528
97034
74544
48200
32861
91927
50752
57615
84817
33515
32307
84782
24185
52969
88708
18421
83178
43657
67737
81818
32518
66108
42281
41296
37289
92542
69341
43331
43651
97240
44404
89294
1792
44782
17345
63129
80483
54027
99919
58610
64785
77415
89445
53766
50346
35571
42725
29405
73970
67745
6414
92303
16589
10322
28705
84263
73130
99517
4544
72082
17430
89817
15346
72452
58417
86024
10980
39303
88542
21440
25866
81473
56467
13142
83106
28033
45137
38697
44697
81189
51661
96009
72711
47756
38029
22530
61174
70259
95118
94249
93280
4206
38434
9377
74230
62116
10647
51850
5853
70887
8530
56168
64018
3983
90587
13227
14191
42067
16178
10848
57285
67587
42143
65811
13225
37796
90439
94175
37035
77545
52827
86132
62081
22858
86474
13316
19971
92932
69270
25162
71408
22381
31524
75127
34222
95474
34573
79866
61486
66031
80658
12267
5773
67209
27436
9205
56406
89612
15457
67806
61414
23005
84147
25268
64392
4091
7986
19477
51838
66870
60050
3067
87841
33291
16631
89602
78879
17884
77260
82456
1988
51081
99859
54528
90132
89005
10007
99074
77748
36279
57566
48306
91272
49314
82554
5148
84855
63508
78302
44201
14283
95536
19150
22289
83732
29272
13295
12701
95564
12802
67005
55543
12597
5589
75708
99857
47135
1185
98662
82030
94373
15289
38402
85745
77559
72782
55990
62080
75763
57577
16979
91156
26252
42052
19407
91296
8589
32485
33744
45820
75095
32664
24900
26061
11365
17064
67502
67698
49617
12410
37691
68813
20175
31559
99282
89900
87
58836
33641
27636
34784
48719
26932
34665
55048
20711
27129
34492
53200
41960
37535
82162
85028
76178
31525
17324
10936
1206
21615
1016
72142
52717
63258
60500
32117
1588
43089
52890
51435
76423
13400
26892
4162
4921
80966
82749
7361
65389
69616
26778
19361
64117
33535
40212
24024
82372
86915
18794
9651
14898
70434
56183
12059
39404
82921
85045
66266
96692
82755
66989
80888
61820
24519
11453
9310
32315
68587
51012
66747
57610
84151
58413
37412
47870
73877
12373
5270
30754
42180
10586
16856
49168
9675
38147
42364
26316
31434
84102
57700
30908
18028
68794
20097
12296
61754
72858
16982
89450
8457
21905
30043
86898
46899
88360
85982
51673
1827
96394
61731
51040
9994
24817
79404
80421
65070
57295
87252
54432
4418
75578
57302
82560
69777
96820
1483
23773
54836
25366
2031
3706
35587
7289
73861
39961
46792
44289
72113
66074
24335
23719
94915
35218
73786
45345
5876
72708
944
47952
62184
36798
13589
70245
47156
46035
62709
22608
92953
70928
74842
18183
33742
53053
52286
51088
38268
36627
57562
96588
17378
916
54844
52383
65593
62955
95927
73280
32242
3681
36404
75865
3932
93817
54439
78555
12705
98985
10908
62562
90768
4245
24944
15168
17909
62538
41277
86185
87716
12851
38413
28091
86133
11707
29839
44263
7914
43809
59206
18304
97836
57937
3423
90975
32434
39236
13723
36913
80803
46902
37323
65182
97907
83840
86298
40470
44042
4466
75268
93049
25634
34127
14596
75939
50575
74276
13898
19443
20057
23718
1644
21175
44516
27687
77939
36470
84401
69333
22103
76985
81821
37839
79717
93495
89511
81189
62780
38811
6543
27787
1271
83668
49786
70425
4868
54681
3602
47650
11187
64119
63818
8303
41195
51096
62624
13528
36502
50289
78715
48062
44701
45289
28595
36264
79630
50177
67599
72344
82745
3589
59946
23880
92442
52621
63183
70727
94257
84208
53764
52522
65454
81030
2371
66801
73671
3447
76482
16183
38764
75750
39124
48245
35057
67700
66601
97876
76042
83410
2864
9740
66934
70566
19197
88830
7378
37113
25766
80843
55599
33532
68007
88879
66461
93428
68965
52798
76902
19561
74800
30233
48087
48262
95905
6956
61593
13294
