73835
90927
51936
72733
84377
42720
43567
60498
55907
85796
96626
90124
87130
31865
96044
94375
45681
14340
13792
2065
55866
40681
45941
48681
51996
52029
33378
13379
82610
65747
98491
73864
4931
77395
3992
56538
25753
50601
67390
69268
74880
86713
87437
52112
9182
21008
69030
23459
25513
19541
13110
36323
82121
33055
80579
7016
49836
24480
90321
35504
65023
38047
8370
45469
34608
21252
18568
30713
6077
3020
30808
81530
5048
52348
59373
46400
91322
94545
13670
15386
6560
3446
49150
94249
39847
27600
8021
74877
20832
34228
35647
35931
47759
35128
98793
49888
94502
44774
19684
24863
99737
67916
64592
29734
84094
17489
84710
77375
51971
27362
46626
64562
26859
24810
71659
90920
742
60129
67136
64746
12268
23579
75264
12648
88662
27361
73430
59477
30394
63357
72320
79663
8481
95822
94298
55517
93190
15132
12620
15762
3373
52549
78124
73070
48797
65462
785
90371
92475
82581
30710
96788
61413
50683
36583
35770
40968
4927
80044
53472
40159
55246
64623
90318
40169
13846
17802
72516
97381
30433
47890
77788
58636
98687
98266
3794
18890
68221
53702
27615
76443
34226
61037
71104
31903
47639
71177
68597
25977
77334
81407
87270
65354
37691
76357
44480
77284
44136
94197
97981
33230
63845
22093
52514
18387
50580
62655
32129
55879
90531
32156
14271
47832
2586
23864
4848
82764
58708
26458
71262
60029
94346
49283
14857
18510
29739
24472
63752
22312
11912
47501
18285
23925
83627
90224
86439
95224
69608
53776
7297
72487
77260
37928
2344
3591
68754
91851
83594
86754
75284
89837
67161
55591
55935
72364
4334
62175
41567
62202
25195
59911
76089
10664
21337
8943
89432
87088
32624
70606
6718
94527
94005
90911
67452
12733
33501
79868
73246
24635
92016
50517
30845
52855
42921
23821
25400
69039
59418
3538
64925
53408
21004
85271
69600
4505
50307
31983
63374
56321
71552
85768
91388
55746
38177
95746
22136
44400
91779
26539
66241
3802
40583
14872
25363
15084
60211
53121
82458
14110
15791
13754
57416
67741
12655
81962
58529
53172
53201
14538
99475
57399
98396
17916
44036
79403
67753
76868
547
42773
12861
67559
29313
77182
91700
75167
62520
57055
19322
54585
79497
88591
10738
42732
27876
3878
6874
78549
31072
54669
71973
307
2347
96229
98376
6780
33595
14032
79185
44346
22818
85663
62192
14758
30592
27225
30906
30815
14514
2021
16354
50727
3209
92501
78568
40379
15606
11567
60654
7532
36128
53304
11141
36191
728
50079
37575
97277
7588
49476
28189
599
50264
16291
35072
16507
86019
14113
51996
54891
99652
64978
19473
63808
24925
29796
50131
26139
54336
29163
57170
77635
35367
99914
13236
58720
79328
79611
11037
36307
1956
29275
24432
50000
86729
41589
11120
94425
52141
73769
72736
94808
87539
25113
55112
98392
54442
41840
96377
14049
62761
3631
27079
30190
90455
81302
62805
66125
56326
57259
18895
114
37856
80617
43056
34904
59161
71304
61540
65909
92292
61669
64488
72921
2594
81743
96910
23491
66196
60174
94236
53376
19794
22255
26260
74273
43637
37455
46318
30423
97422
28004
52609
24846
65497
70979
27553
38051
90316
52305
96290
67268
76202
98730
10554
3746
67733
86503
99173
98005
96223
27952
67362
90189
50049
63294
71514
24176
69956
31627
58849
58677
77437
55673
11126
53211
13206
98684
89349
49766
83399
45572
45803
1048
18404
13930
63961
29352
82864
24439
96593
12098
62415
36908
14605
60859
61337
74705
52832
50222
88234
6301
33972
30744
92918
85279
88786
67981
32570
61095
35233
65045
78701
276
869
31142
97238
54427
99368
34879
59895
5937
17687
57406
68135
85813
35363
92030
41438
4508
87272
95441
9097
79450
51242
86198
55005
21706
62331
70519
97864
22138
5945
94498
44195
17718
85172
85730
51011
94288
31725
65881
25263
40265
64474
11292
51148
38111
38887
97931
23252
91922
45622
74763
60006
88308
68775
18562
86134
93613
35186
51823
52517
59336
93553
59907
17995
46942
20571
75296
85585
94365
61739
78636
11675
69012
71295
82642
79426
62686
48572
49557
11104
44744
40815
72786
14629
9921
719
36945
76870
82749
77086
6695
93493
91942
19053
48908
17483
70207
75999
83892
40866
57014
88102
23084
50080
15718
29866
8178
92269
81350
44936
94033
6245
93842
89111
22168
64617
29203
99685
85942
83056
38478
73792
53013
68123
88582
23345
5232
87719
71086
5315
93713
72507
35727
13826
75084
72864
11763
95358
6545
90192
28396
50734
93010
28104
66595
96561
84370
77495
65536
87855
63750
99449
90419
2975
18027
94397
23294
2082
30915
10849
90527
7148
99277
88736
55965
19331
54144
9729
3854
89535
52100
