83548
31859
69244
26140
89039
6384
20484
36188
90313
42958
28925
8952
32429
35745
97851
32281
6711
68341
18432
17846
55689
60815
91568
48015
64852
43820
65872
74744
94111
92613
19584
27858
69847
39124
86994
68149
60948
38608
78599
72746
9379
97653
88037
55862
79989
43679
86646
67472
10371
95476
60383
92787
95900
36737
87803
40366
21262
17533
58196
32441
13068
2762
16222
72003
84034
73593
50416
78694
15570
53613
59775
83708
79945
16280
11065
88203
98020
19842
48475
63355
74809
27753
39024
6121
7747
95106
24518
86868
95885
45948
62766
63092
25850
12805
13648
89226
23471
76487
14633
82771
98238
34986
28418
82614
56528
76253
42990
87101
43181
68111
91071
60096
9547
13112
55270
47580
70257
74645
83429
46435
50503
93071
37811
22285
59388
51069
203
61421
68340
5984
16721
73886
15788
3980
47075
60508
30890
14311
5815
56815
88582
17162
66199
68001
76143
85412
92725
45617
76827
19326
23469
576
4047
19065
13686
56361
68551
25171
36292
99918
41635
15241
37917
85645
32399
36471
82965
93553
17773
10938
42889
67301
19392
89142
94837
36003
25560
51379
39058
811
80117
2114
87184
60783
7929
98558
46635
77355
7503
22446
19021
49714
88626
16423
43200
7971
60956
96237
38702
2010
33580
45306
43031
96995
44658
38360
59246
94378
78746
79752
72016
22254
68786
37829
354
3860
72666
76610
65415
9079
59239
36816
80859
40733
66644
48668
91022
42628
49606
11925
98080
46428
46330
38667
1397
15758
67118
14387
72918
68250
84681
69063
964
55903
43047
6826
90297
26066
85732
71465
32477
44273
24868
89117
38978
95250
50557
97485
284
90805
41827
84785
96064
44376
87758
84625
94744
20873
20169
29771
50113
30742
19737
19508
5761
97664
69224
35094
68456
76142
60589
35095
65314
21950
18234
59418
80501
31414
15874
36319
72990
29049
35460
7397
87490
69685
34777
57168
89652
42137
48374
52166
51394
39491
48158
65203
33052
85879
36904
34220
78851
56204
11528
89456
23305
35937
24060
27243
43722
2797
92245
3188
6854
66324
47968
13174
72667
41397
85808
81676
68923
50944
53226
35653
79695
51173
7501
26888
6248
23816
93212
48721
59869
1520
25097
57016
18246
27135
59551
74739
24532
86875
54348
97618
45354
73067
13353
36840
88988
46174
75656
3817
5411
42244
64217
92847
3323
35744
73433
25015
7385
50741
12375
95944
93931
62750
61124
48755
10510
72378
34103
99638
75046
27780
70586
96283
86910
91360
1652
89342
73916
64882
99700
56011
88608
49416
78934
2405
62201
13976
78421
98820
74564
28548
93358
96982
30242
81529
62893
13734
77940
62680
59639
87385
11094
40555
56467
74485
80565
17113
71989
43740
14094
50869
76647
18006
64069
99313
75638
13934
66462
33072
48151
32947
22204
36696
41845
83806
15540
19462
96921
13427
52141
88764
28244
29536
97430
55222
65675
60802
97155
97946
62655
68231
65830
45133
55191
29743
60198
4002
78509
49932
63807
47341
89939
8296
7702
73910
16768
28229
83478
82345
40250
53855
13036
1514
58657
99438
21691
5991
22294
99464
68733
1189
98407
35555
56055
92220
26520
43608
93272
54303
13614
5123
97326
67763
46043
9479
88197
80769
6466
18158
13628
44966
57094
66382
65285
32551
71699
8776
66201
27586
23432
42121
74550
97600
20320
34259
11255
96807
27900
81814
10766
19212
32014
64856
99392
38629
70053
91092
9277
50813
54928
37438
52890
5728
77712
6052
58509
84054
21982
70449
15684
43885
64758
34763
24227
17070
12735
17980
81336
75346
70360
84109
63869
98062
25473
96974
77897
44713
66275
33299
98259
17262
3197
21913
55588
92797
99340
35078
38423
49787
40310
60557
32016
49194
87379
17681
89367
18164
72888
58465
38640
52161
59329
73186
98168
25736
58363
66538
2077
63745
68555
5288
56698
59065
77086
92034
51374
47231
71118
40214
72600
70779
83310
17538
62993
81854
65875
65855
83302
15189
92094
87559
93905
34263
51946
30551
44595
67102
92174
93200
47984
51314
98448
52632
73830
97024
8295
59805
33707
26826
68363
67993
96451
22201
26459
58641
18139
23181
64842
95224
85509
66261
12327
41041
16304
77785
11111
73746
41123
78964
60817
58467
29078
34592
97414
92517
88300
29386
36427
92143
25201
37892
18133
12084
95468
83961
13392
865
96770
88731
22124
45858
19815
2552
14468
76964
21377
36907
94316
91189
91195
28527
18390
10344
35522
7662
71073
49236
41888
73848
42528
86940
63538
34895
46850
32969
24040
60735
66850
97332
32153
12203
16909
92640
89857
5955
94540
59363
48568
49681
39213
63909
69263
12082
92466
66914
89418
84738
7478
79306
43157
12560
63511
18119
47908
80753
46501
31646
47947
85712
72261
30958
87926
54371
11682
150
84678
89560
57137
20243
53833
10127
18559
93959
75636
15745
73369
50005
12512
71326
23799
40617
23103
47317
90951
97173
87769
46060
79250
4693
70599
53647
55661
19796
36011
70053
17405
92488
61706
95742
31431
17752
75496
60872
73652
70653
95038
90881
8958
68742
91609
76935
54330
47446
22738
6795
79682
83561
48614
99780
33341
18772
82962
43296
85197
81545
39629
87541
12436
28922
63394
13398
16964
23573
18952
51937
17154
92557
33408
38869
88246
63993
87274
29377
32306
87734
17955
27511
44540
46184
30879
36991
1050
2973
48160
49032
48729
11634
99569
75001
17370
81903
78529
94566
88474
71918
92607
89246
99932
76346
7470
26913
59445
39185
78597
46959
82227
9867
25382
74236
32331
91957
96792
67263
75230
9654
26116
67241
