46248
69595
54218
76495
81697
59706
84381
21246
3962
69435
1604
25209
660
50616
88952
20100
77337
47183
96285
58606
6026
41011
97127
71624
47796
29074
26586
8897
32513
81572
25321
8767
15658
88301
69408
70876
64394
51983
2749
60507
23342
84815
93081
94821
7145
20193
47045
87332
45604
6835
80463
36188
86002
30164
62244
92801
35394
55999
3887
5113
11150
47848
59200
12590
60528
66721
6632
21360
70963
41897
38784
27749
2055
22034
38761
47022
37199
36877
32238
86487
14965
25493
34437
58938
68958
70964
60181
61554
49303
56310
48498
43511
98414
68648
18051
87738
62174
68332
83365
61662
69922
98204
51368
47825
10282
29241
67863
78182
86507
51215
62997
85233
93617
86054
65731
73822
46160
23304
93406
84942
75768
94794
98021
91758
3271
22937
29336
11926
1912
10050
32443
12379
96441
57789
72922
9938
5594
89175
59911
87938
62113
70363
19424
60132
23803
68637
32747
63770
89645
29411
195
55369
74824
23023
51308
51572
49275
43277
59713
91702
77443
19670
75632
96476
85885
23487
72667
19773
10075
94209
12447
71254
97717
62181
58705
43814
59671
96492
48356
31715
36121
17432
52999
97176
87564
24283
58444
85948
23375
17786
94340
14735
92097
381
7141
61587
80018
16118
94733
56197
17778
54795
41568
96471
36843
46786
11950
41419
56202
30984
80688
91278
43383
87997
59184
27086
75463
48352
12584
8953
98087
3283
19395
54868
29849
98890
65408
89333
69083
25686
85910
92606
3266
37864
16881
78455
62182
75876
67737
19782
61975
53668
43923
909
28365
12997
65697
64672
66301
28915
67237
86817
50631
75116
44004
39066
1292
95091
78341
95094
41149
63955
83768
57437
20239
5933
94675
5035
41867
81281
38936
96715
73954
93653
53586
43061
73917
997
15166
3841
12018
56231
18919
14150
57330
55481
10922
87252
40800
11690
96824
45610
85564
54561
23353
10261
72317
51566
3757
40294
56510
9387
65293
23151
28815
27599
71825
90202
66284
71087
91467
34341
71402
65137
47953
39837
52270
29358
95672
79446
80312
63619
3579
3525
98012
69781
24379
71515
75793
32542
94913
97502
24930
44920
97406
28901
90883
41349
17203
86927
21438
13497
31181
77121
21066
80197
12072
31579
26621
71648
76212
26613
84984
60115
59349
38811
63585
23074
13348
69698
56174
53330
93971
9030
45245
18716
52942
46818
42016
13260
46237
17034
40214
9590
10054
520
91253
25238
28975
8338
59523
43682
78465
37988
83717
79278
24424
30656
54030
93819
40630
91262
56824
63614
264
11185
50993
4841
3297
67864
86349
93752
3218
88574
52313
18490
9819
33967
15472
22745
42506
76855
38694
2824
88610
92120
30721
46248
33848
41895
52072
54998
1655
31620
46804
84885
74211
62517
98979
18068
30618
3518
87787
55612
70711
1982
5451
8633
10960
64393
99293
41282
32511
85118
79880
97798
41245
20740
92787
83860
80682
96486
91795
82119
18474
16136
57157
41516
53961
9732
74039
18930
33503
1094
40608
24173
73871
52544
94320
72295
49481
26378
24994
67364
6415
34618
21583
77104
10773
78109
34876
14087
38465
13167
11635
3456
9074
20348
85583
30583
22782
3443
87152
17238
54003
97220
91055
45535
3679
1462
18348
34104
83274
29735
59011
7124
65313
71201
47548
48570
76782
8725
64130
37620
40802
27703
85067
76822
17077
29366
93078
18185
78469
45174
47092
34131
35066
5996
