34614
58493
12906
66047
98899
88170
65139
15253
54311
46300
74604
82416
22600
26653
36017
69764
13795
43414
76471
57838
41164
8813
3238
73189
85856
86632
60565
82416
75315
79889
545
17617
71674
76242
40969
57823
7991
31007
78601
38417
12189
88050
27633
96278
52799
6322
89026
4450
65113
62573
82020
20355
44090
18116
75494
12946
31533
81606
81684
71236
71522
65620
9870
38432
16542
64996
61579
57995
26556
50881
77065
17695
28318
39408
44367
75930
48532
3277
33441
3987
10791
22452
36191
93607
1603
88955
80827
99185
13951
25852
74228
90617
92746
14001
50100
49123
55988
43128
92227
17416
86870
61302
83526
96866
61375
47384
72472
81408
79420
98804
46787
30137
9442
93326
70234
1310
17851
71222
49686
68136
85836
15279
31019
29937
56063
71595
79239
61310
86897
83186
60518
8058
5529
99713
49045
44702
27892
48366
9313
93452
21033
32554
71547
65466
77758
87744
24875
24140
56407
67450
26573
33979
61829
68226
14188
86545
20883
40518
29274
