4692
34620
40939
13210
39353
8720
25753
9614
40552
47439
76354
46184
96593
87194
59086
21423
60152
62845
85792
23361
90433
70060
10920
45092
78518
21992
80638
46548
30168
84001
11809
42651
94112
91478
79436
97919
87600
18457
19089
99414
87707
47342
68342
2388
26893
82993
27369
15205
43096
80438
19200
37718
36253
24332
41777
75821
66195
26107
15915
97177
43287
49549
34000
44356
11249
41097
43919
98820
57886
27578
45442
47665
77439
62222
19617
68850
11485
84890
62529
79920
15608
55163
92972
15276
55915
21527
54782
16780
8221
65570
38201
77456
63782
59357
21286
30851
89467
18136
86793
7085
94009
5528
43551
92165
19947
70708
2359
56004
84023
65017
64362
79317
96075
96526
47992
90536
18719
41650
28096
43366
85095
46496
72860
16606
27608
74932
20663
6110
46900
9224
46220
78333
49204
11256
20924
43125
54545
35588
78891
29775
64910
27699
90680
42839
53158
58387
71768
22830
80621
48799
10253
50237
30918
27962
7528
7143
62529
97240
120
68088
30286
67708
37069
69978
60163
92284
1166
16038
79525
16577
1299
94455
82646
71818
57248
53882
7644
89583
69279
99009
95178
67683
26137
45655
69965
79251
42032
3535
93205
17004
65052
25237
55902
68313
9760
42822
57722
74121
82248
37403
72732
43983
21634
40703
5348
31811
9590
11778
24322
11718
50627
20359
84905
90563
32119
55000
49489
72688
1578
56889
94665
83732
80984
94138
9527
63651
49657
19685
5101
1956
98495
50680
62922
62387
36299
86029
28042
24643
26733
532
77196
89851
33910
35682
90974
87265
96763
48258
59622
28085
5960
14922
92591
13268
17375
1833
57966
31580
55052
77469
9297
90927
62694
98881
8195
98737
39140
35107
26750
71628
31417
62099
37421
75635
13965
42263
68861
65763
96090
43995
448
25477
16512
74310
26461
93936
66917
3881
19607
38891
26765
43408
88952
28688
11921
19963
61690
18700
41407
12454
29970
91651
12110
90883
20122
43345
11740
98410
29626
50283
87239
33511
1586
89604
91908
47377
12326
18635
67679
56155
99365
48658
87279
8419
51864
35593
47957
67912
7876
74729
36913
80345
58844
38413
87969
5737
99207
69434
75064
89406
23369
11871
27510
52552
23536
71607
19817
17647
33854
97291
736
69669
13485
42037
89480
97466
45316
28128
99653
35951
53397
75083
81231
49218
53903
76364
1958
70216
86727
66609
41811
52216
55743
98241
39100
36740
78832
20706
39171
89603
31129
62547
