68827
24071
59573
89792
618
36205
43391
52427
82636
89436
27307
94583
32047
10626
73592
12116
39122
15681
46807
52758
32269
62928
52675
42370
3197
81759
2015
74913
67760
20184
2891
7639
98697
20640
36035
48909
2865
88156
41652
77066
72091
28977
5018
85824
12561
1924
8443
3203
8224
10752
38938
73653
96957
46069
34554
57052
57010
83581
19855
18068
75657
25627
27650
86913
92692
59645
27009
14845
92183
75712
60128
14384
25715
25650
77264
1534
34031
658
38746
35898
59045
8595
16153
28440
14342
85312
44241
3903
29131
59034
59343
5917
16697
38301
79167
57845
16112
38145
61348
44212
64080
14555
55128
36898
66569
64835
72448
73267
55293
95825
66730
38429
75924
78785
16102
52132
33532
53045
64798
41808
12667
48186
29652
3008
98515
3522
99030
43640
67504
70576
67904
15990
98385
2611
64815
99971
3760
70825
89757
35044
4080
63237
59102
80624
47554
65036
2870
57628
59988
34457
50580
17458
25239
49216
59407
13505
78379
48239
55260
60685
4873
31664
30569
51143
1292
48619
23353
41079
41309
3432
86717
87733
80954
25971
66891
24344
9891
77240
49597
57510
73056
83278
33256
81161
30418
23696
35063
65475
46037
24422
38884
15832
2702
29250
92115
21098
12151
54022
68779
31266
42276
5507
23634
7882
59985
16157
77924
39544
59978
15146
20687
11012
68470
12441
59757
87386
19937
21807
12351
6763
3141
24716
38915
43998
45140
67116
8402
3268
71525
64202
4665
78473
55384
59551
8657
51622
58792
12648
2269
62388
56716
22118
79072
70715
29257
10526
2104
56456
65784
52961
19387
39805
33903
63110
62700
22242
66351
57842
69626
72601
90474
73018
35382
30223
35278
91455
14190
82894
21683
63673
26795
18992
59837
90671
45891
58191
85133
49729
15516
2743
49418
29193
49214
62364
76104
73142
83732
4040
77971
38232
59359
7469
95578
31290
40694
99256
92570
36168
26621
35110
53926
52658
31617
56625
75952
76073
36174
35587
71383
34087
19341
74956
9933
19371
76702
49102
48739
58561
5901
33812
11027
85728
42260
51715
9769
90349
73005
50153
15504
17790
36594
44306
3701
63512
44852
75130
18906
49145
59508
22524
8921
20978
8032
95625
2034
90636
48525
40949
96371
28812
51438
97995
75780
57521
40527
3616
57964
16825
77584
47269
10723
22404
77057
64790
95188
40016
91959
16751
17454
22531
488
47295
12777
17479
86824
96340
9456
64432
13857
55190
39182
32249
32584
19888
88857
24973
91842
28296
59446
93441
51795
43536
62823
87230
71038
9109
92984
62908
99742
70645
35362
32522
62271
86766
60121
66347
2874
52177
31705
8826
97324
39828
43496
96206
65202
94823
67367
18168
94178
82591
26811
40105
9065
97870
78418
31569
23421
52276
32116
2850
62238
52143
35048
28947
73550
28013
68479
25088
50153
11874
58945
92591
41603
30421
43283
44653
47869
67221
37474
65783
46564
77833
20847
19125
3878
35332
18166
87712
7985
9367
15868
23781
12202
84129
75668
16833
76871
53250
47950
49132
22634
27213
58590
12050
77818
67547
84036
40956
15615
46076
99261
92238
47770
89673
93734
99081
21247
15765
29672
57296
67632
28322
44612
14984
1655
65743
85563
79097
92959
40815
34683
35377
22991
78133
28002
12392
51109
34987
86800
57278
62923
706
51341
95712
21785
71236
53588
80809
98279
32613
66459
51269
71500
41656
75968
2481
55320
43198
1841
12638
21098
27833
27288
53493
85007
64350
93505
30804
86584
5705
79850
52726
70294
91147
88102
99793
17557
31550
53805
51225
10226
89
9700
37058
54458
45950
56228
92899
4193
71697
2570
61813
13628
21636
6395
37594
69723
7181
44689
34075
63270
12313
87014
96394
67379
11513
60475
53286
2817
33659
99974
33853
52149
56052
8727
20300
64430
25785
93797
63969
69991
59340
87865
70977
68264
87315
59030
49318
58953
3397
62180
28960
44805
39806
67288
62653
38039
