96313
42662
77788
9955
57373
64275
91669
42007
20137
82372
71720
56633
26029
75118
5805
56527
41087
10418
84406
91152
77138
78447
97084
48485
66610
59217
48523
65421
95514
19496
88039
60283
72050
69043
72281
49978
45832
72859
28602
57553
81641
36892
56698
41922
31452
59038
20973
44524
43484
42018
47092
64656
15984
52984
43300
20432
65705
56685
12116
83315
5879
8577
65736
93286
10824
16854
16981
93437
75678
99173
17872
19063
80204
55723
65784
33502
91757
90849
10653
56621
87969
65545
82859
41965
42916
89732
28151
3480
12685
95328
1540
11199
38336
18895
90515
20967
2064
52115
37829
6541
37429
95733
51565
84779
69030
88149
28375
33234
68531
92443
51216
21271
78625
95724
95120
25707
14946
42552
907
22786
5905
38672
47695
13492
53064
91542
98234
89602
80254
13580
49948
61713
30559
53070
28389
62546
98985
13436
41739
80066
96481
63120
12537
9644
71761
68398
81783
73549
52350
78520
3026
96784
54889
44513
5289
22199
76898
78393
95955
91611
78660
6599
13456
57483
33746
68086
25802
82960
63916
91718
25063
80337
14509
29443
87790
49874
80707
80883
44596
7671
13260
14376
56386
55943
14410
78133
39941
49036
76451
23069
70993
3190
42360
25416
8210
85695
55424
31215
30673
99177
60512
76886
37024
51652
25449
11001
40802
56236
5166
97087
22938
89614
21376
40811
11758
95563
49320
27634
2551
45557
67296
36263
4808
7799
20366
27505
85689
2290
34174
90590
50159
44513
59291
625
47753
73086
62794
36982
32938
49693
28804
75574
75646
38806
94285
45607
1258
22688
1525
8475
59797
62553
97259
1592
86381
14626
96921
48936
23447
10791
55904
87846
99351
53181
39185
217
72440
50851
86084
15134
31064
58795
47065
76861
1747
34706
61385
28382
1995
35179
22312
51892
42705
57434
14841
77719
77586
30203
3789
24592
7649
16675
82490
85389
69149
69631
31348
86676
28510
72057
99627
31412
9506
64760
92161
11896
43822
91559
64166
28661
21923
80430
70322
49826
36895
46172
46334
30983
47245
41351
8191
98477
99946
94442
68288
65301
3605
21036
79419
87461
36210
57569
98003
20254
6042
57738
55569
53417
30275
18648
80698
61903
44072
60718
62313
52904
89013
27140
74414
95115
87985
18568
43362
4292
34311
25567
67974
87011
59379
78376
92631
13169
59110
88514
87728
32830
33526
39140
60541
35670
51174
89642
48823
38034
11213
1840
53088
21162
7653
60182
9085
16200
3666
14403
299
39864
29036
49158
68735
34843
21835
15256
78910
49755
73551
95389
1110
74041
78249
554
77399
37122
87466
91776
28018
67808
52550
4854
51852
95116
94947
3125
41854
69986
28676
13084
13069
89837
95981
48900
11905
4193
72434
4382
89060
7431
41536
39065
35321
39378
75944
65087
27222
593
92003
87903
80095
86270
32615
22757
2336
90643
88997
54469
26855
82684
68731
60664
3420
29639
52413
38237
22590
79480
78171
95424
59164
29689
98095
38039
52844
53231
36165
7177
8171
83560
23943
42026
3026
33232
60420
5794
99345
90306
55197
51627
12491
42363
22604
48313
37197
10411
57136
30900
12396
85317
32313
30528
78554
89814
58445
52990
54309
56114
46197
49291
61164
84233
360
4870
67263
63417
20817
91823
34482
80509
53823
77227
49085
95588
90761
37764
5459
39676
