2075
21824
3992
2873
22289
23780
89247
52537
4189
8784
57995
67599
71133
51463
99443
63598
84870
39134
82592
11947
40089
63306
31880
81594
1813
3715
48789
78916
79270
18805
2692
73191
6012
40580
36264
16362
27062
93913
911
69532
38365
13261
7709
73416
39277
84208
98868
9110
67598
56599
39509
48449
24481
12576
76512
95632
40566
2691
41080
50132
21082
81911
30690
47101
57549
40285
73451
43449
39953
90413
77897
81290
55071
84828
8186
37699
79284
19015
70313
68287
63177
13246
78511
88830
60736
22447
89109
18204
91770
13422
75256
67919
56133
48991
91398
33758
75699
62240
41380
38361
27110
46229
58834
59545
6119
34065
90438
12788
7190
32253
47061
17660
90491
70505
54576
58422
86459
94637
77707
6290
29958
80858
39033
59884
18349
95585
78195
33405
2706
94559
50839
93310
2007
44229
99981
53467
20472
28928
94693
7184
89045
90697
89052
53507
15943
63147
70462
6013
93140
93323
91333
74086
91134
18361
14847
99708
14133
50803
67086
85040
17997
34576
21992
63293
86602
56656
27839
25317
72600
50525
25307
45322
59095
7453
15075
6566
50483
61783
7291
6760
17457
56384
96776
16652
58278
12289
64014
53813
21122
71847
45178
6825
70089
46950
89307
75337
66338
68939
40939
35596
36937
72829
19756
63927
32671
90350
44750
36379
84545
38468
88333
58826
62742
45534
86135
53975
1985
84933
14122
99018
17975
47314
72700
37981
84618
46742
57749
6167
48132
66153
29686
43426
52048
89906
37053
30154
90226
99440
50624
12468
19094
24387
97655
31928
76101
77210
46294
93885
89141
83450
55000
71280
39864
64167
56855
38433
53844
9010
53944
62554
43027
20191
76196
72796
38192
54514
47664
43479
56082
96950
21950
78918
36470
68777
99260
60549
57604
43303
42826
64433
28484
25266
68730
32602
15945
89019
77456
24519
55115
37967
99689
95494
883
72289
43256
75790
93775
62320
73674
14099
81029
2581
69387
87557
65444
26411
63938
3526
23222
32763
80279
83366
84211
32994
53781
1725
50767
23778
38859
29764
34450
48194
60300
720
57160
50851
74102
79916
92367
12896
95856
39537
54222
46912
28812
61701
35142
93468
78348
64654
34432
55623
27840
48017
26469
47839
64942
37580
67533
97615
75563
16172
31663
83390
48005
87627
27959
31800
79427
50665
74965
18230
49348
55878
17042
10028
69572
83226
43294
21040
27229
83441
14277
86146
54090
7558
