25748
14940
25132
59882
95833
95731
84079
19565
19421
5711
2887
9901
91113
58658
15079
49056
57932
91245
20829
2394
66602
50599
47923
57386
32659
28077
54801
6772
66418
17990
35263
17894
85372
46642
45736
98362
28584
87023
56667
62215
56862
3399
84267
70308
94088
1529
52118
87323
91109
31138
86499
62437
68540
9704
45348
69191
32174
17859
42715
93961
13348
72584
98329
98095
30503
96467
37794
2198
78511
84625
55660
68748
20243
86440
70373
13580
56223
25251
29364
87701
95524
56189
27864
57671
99977
18825
42126
76665
23519
95068
63438
96057
39282
61496
93300
93441
67099
96693
1948
28082
53682
71214
51686
27856
86657
40550
77370
41114
9364
52597
40869
95076
21421
74355
84961
20979
73332
96607
35602
17684
17867
43084
95469
34457
46015
58729
6579
85553
27002
54667
84283
42979
75670
91034
54318
80455
64076
85845
53996
37505
10602
41346
57004
90811
23843
39606
77600
70749
28865
62205
4951
68812
52277
10823
25628
24540
37615
47504
87707
78419
10505
9801
57636
95996
13661
85960
10344
10788
29367
74793
14464
92437
61574
6111
59565
63181
41452
20540
18683
46906
11860
16280
24830
24916
28867
30753
87966
66711
38887
66528
30479
42203
51340
5540
84121
95858
93005
47757
983
88061
93384
62294
38971
34379
79786
99040
65998
40207
99498
152
97876
23453
88242
92740
67150
98338
72087
79
79577
85565
5961
55246
92084
43197
62278
96110
90016
33912
51466
95645
50944
35012
31169
36881
36479
38038
98396
78648
31728
57526
86338
66846
97617
19227
54910
55765
20169
32264
3798
10308
89456
31970
16124
37998
97742
28781
