27892
23321
30796
30534
3092
97659
2575
45881
97131
8027
83943
880
80952
7084
42991
69792
14666
98835
70646
97326
65267
53774
13250
59982
2997
17281
63792
758
49017
15487
69722
68957
69599
40370
67314
69494
49712
91592
92331
58531
90703
20058
10103
77720
73486
67193
88394
62766
82940
62039
9277
49024
42684
83248
14767
2949
16177
28403
86086
71018
57717
16048
24307
10251
36297
42560
50259
59278
36295
42412
83538
1085
147
96667
82475
79838
96464
81467
66154
59056
37902
13611
178
64452
2209
32514
36858
20822
69038
18848
22034
88166
99966
17488
18979
93368
9365
32022
1012
94212
82812
6267
45194
17018
22042
64113
62439
87798
68449
33317
41747
34363
133
43809
59256
59088
97576
27515
45671
68020
56176
57149
80728
4479
91706
10033
70766
52214
66119
78697
57369
40778
35156
26313
73813
50510
21224
12370
17328
60947
14343
30923
62761
12035
99716
66477
35700
99222
65107
14668
24154
45459
37947
3165
88349
58279
41706
91817
45945
74779
163
46861
31141
58901
67091
26730
66649
49550
80706
13263
26218
53003
75780
96001
42129
82714
35343
4101
73097
72523
86023
59626
61431
51816
14164
82518
73380
47571
72757
29323
68038
92283
54702
50581
91901
17306
52829
28082
44441
30061
79883
63071
18392
19121
13149
98364
42701
25814
99050
58235
38684
78307
39335
18154
28034
84967
11454
58265
