29118
44035
74700
32161
25690
90372
96448
42515
57111
22723
48877
68767
40252
17917
19392
41092
21313
66930
47004
58345
53638
30196
43519
83603
53632
66923
93507
87233
21422
50210
65280
38820
53289
77393
38510
87229
39738
65320
21640
58741
22342
71797
31341
12851
88324
19283
50624
86654
71664
66383
39056
52303
39512
93431
13041
9649
49619
53826
39017
83704
84337
7062
70791
70715
10060
35386
95213
95312
77470
84312
3982
42563
38190
90638
60498
78386
63938
20786
69815
17704
24248
95744
5394
4116
49679
87489
46899
68869
12896
83705
47879
40613
22410
36749
14742
11342
35851
68240
74732
49837
11466
98889
21557
39186
16753
70850
63873
82833
26745
55599
74248
21272
67389
67576
12935
22637
23728
61989
87016
66404
71499
75046
97376
36666
36543
85468
14353
36689
2184
82663
42448
36360
92738
84461
65761
11029
84821
22340
27550
79426
30540
33244
2487
86786
11940
15660
18035
99790
91040
87607
9972
78753
87577
69755
95065
91660
34770
62070
23581
96598
90889
12373
21660
28244
76425
64250
96630
16481
15581
7145
19404
85978
15488
49775
90344
14713
48432
78096
77497
4235
18272
85963
32571
62096
72428
26380
19285
34735
40104
53839
96988
59859
46641
43883
65077
70055
22757
7939
66808
76009
56782
36612
45872
82445
21753
37371
65534
73489
34245
94007
32349
33656
13719
92566
89665
86182
83371
2319
13177
8535
65540
54491
99699
25660
23524
41280
49854
96147
93080
36187
54091
32865
37419
81322
22445
68143
88379
11540
2719
44671
94760
17302
69733
40457
86952
63818
7818
1014
20983
97653
79688
54872
72268
73262
61223
47012
56103
44486
25436
2381
39399
87289
29907
19390
3576
11663
92168
67604
11945
23150
98990
16374
7355
42144
55666
97842
85462
62365
18522
59925
10070
71637
81031
36294
62338
7164
6170
89727
42749
31922
84947
54921
90869
18606
18132
83316
49145
47366
76100
47024
21288
75358
60687
1418
13860
47370
31467
72006
99174
2850
50901
95574
44523
20801
69946
75636
72779
45274
83570
64994
37130
40312
20198
1211
97320
4751
40786
3317
59347
59716
88133
50422
61052
43478
59718
49040
64903
50728
79153
54843
13020
12493
96671
68685
85082
11470
10948
27704
67691
1594
52945
19520
1011
48875
34841
32503
87970
72433
5009
66455
47241
78941
79889
6140
95081
12588
3095
83196
43654
83950
34155
31683
39963
99250
89180
65935
35464
26736
98793
70821
84614
79954
68988
79150
83450
86080
24785
70577
3528
95558
42325
82030
90463
5221
70090
40468
80274
34419
35494
87264
74311
93999
36186
27796
3976
3973
3760
8943
24215
15002
17870
97806
93343
18421
26776
84639
8485
53610
16754
349
94430
96196
89186
59213
89881
92175
16596
12564
64061
65503
24215
9683
55245
46912
90949
59104
5352
58267
72160
43234
44814
22177
64215
23048
78203
33047
67208
31847
74744
54654
39519
63151
74215
38494
36157
37448
64956
83023
60340
1774
1388
44740
77166
70694
13373
25108
69998
74236
64892
75398
34638
20059
3374
39896
59399
12904
14526
4652
61231
16667
47189
21168
6109
63194
55400
61161
20264
62388
69131
53819
10029
54615
93444
17622
41359
55439
97658
12833
41561
69980
21515
34332
57087
61966
93789
4693
61635
24640
17644
1417
58067
73678
9858
14644
92207
63636
60613
2903
84104
83780
9227
42053
29572
82275
49672
16234
3614
73569
63016
38584
68459
49012
72248
25744
85815
84752
74814
15081
48622
21541
71625
26272
90198
32116
27074
7613
9178
85135
28802
33725
12705
80653
52158
80449
88285
83174
84094
69555
18944
23441
26059
40272
89799
47256
32934
93046
32763
5044
94709
46763
83149
82091
44984
67399
27902
32866
82010
24192
26113
73888
14947
13776
51608
59394
68362
68965
42746
34292
38696
53188
26679
4594
7464
21947
53426
39996
77818
86338
32973
86031
36070
87629
1379
83430
71678
8113
57838
30060
9261
24880
17321
4860
19435
3331
39183
44535
11602
19267
99682
91201
53707
34803
94280
3993
2786
64078
95664
17619
45112
42185
97906
87060
20790
19940
65653
44297
68127
36082
94826
20997
86527
1346
9781
56373
41760
89642
18283
58785
21019
49999
45079
4033
68715
44532
30647
77721
85181
61884
75588
38227
56035
12797
42895
84088
55336
89603
23622
9546
80927
81118
15797
42433
69364
17354
88746
36256
33060
44793
78481
48595
41320
23711
34206
96871
52427
6489
94409
6438
36573
29786
54706
814
3617
84564
24902
92109
34273
88032
64603
30620
72481
21482
10581
78836
86929
25083
36011
28401
87451
420
12227
13442
81565
69157
51642
92009
95985
9719
39008
1013
30855
54044
96576
13562
67540
15169
23613
13162
451
57580
67799
32882
86378
13096
7693
71603
46200
27594
95517
74524
17739
71680
83367
64289
44926
59733
30319
48569
85855
94979
36417
92601
58110
95157
31951
78921
31457
9112
30934
47936
65332
38494
62207
66338
50686
74702
45889
89298
15440
47499
37027
78228
68022
79839
78751
67524
91375
28228
24227
49773
89338
44464
52113
91143
86406
83738
23749
61232
46476
9933
98295
18501
18680
8616
62038
39422
11937
12271
40853
98852
46938
14738
45250
56847
27041
75063
19377
38208
44309
37702
72823
82551
88837
87378
67858
15730
15556
39103
83078
69251
97112
34612
16258
21933
47441
50143
81121
21723
37847
13823
13997
97789
97244
71250
76222
19360
65840
74171
56511
552
93619
37743
2770
67692
41318
92093
4810
87726
15611
93912
17781
2966
75050
55490
11677
44107
60357
19830
73764
48013
38147
85394
79917
31057
53977
45695
88186
8442
19559
49535
76399
28529
75406
62386
23253
35168
6655
8741
10779
64944
42863
74232
30167
19101
93734
91657
44458
20755
23639
84610
69058
87432
34026
57404
83385
1590
25525
83439
56090
48466
82857
63767
6308
92078
33673
11524
73095
46215
82933
31102
47819
73164
