94238
54760
65110
86349
6411
43385
15093
96113
68049
26087
86138
127
45011
42811
49990
88314
65728
81656
46154
8598
42120
52938
40887
32950
1948
11898
93057
83183
58241
76579
21007
2188
41297
65279
67041
32555
91534
16475
14014
93508
23011
11338
93242
40554
14585
68052
64288
3946
67283
97135
50145
97105
81895
33446
34937
67434
67930
92949
14139
96548
49942
64439
41017
62929
60874
61783
54930
76619
72382
38082
28791
15538
35250
68766
38043
52337
62450
33076
70231
77886
41688
26920
49528
68095
54782
2633
84966
32970
60510
14596
15825
41317
74888
73203
34106
2541
81503
36371
17019
37298
66512
70803
11412
25886
87152
77800
74931
82998
49618
67742
81567
61817
34593
79976
80289
51494
10496
35128
77776
79323
23900
65643
53272
74552
78794
347
70949
15905
14114
90936
52498
7970
57975
31601
12520
25261
13074
80108
72853
57759
32139
79861
50092
43648
47748
2771
62770
76777
90721
80054
22796
17824
73191
34093
66850
22175
14256
66292
63952
4019
29321
19914
53129
28864
11240
85440
18248
64546
20493
9518
62965
89486
73843
45792
75249
47479
31987
46989
34334
2316
57622
81032
60685
58686
19861
83151
93061
87360
71183
18273
62733
53895
61638
74509
96950
25329
